-5 -5 50
-4.795918367 -5 48.0008316
-4.591836735 -5 46.08496857
-4.387755102 -5 44.25239563
-4.183673469 -5 42.50312042
-3.979591837 -5 40.83715057
-3.775510204 -5 39.25447845
-3.571428571 -5 37.75510406
-3.367346939 -5 36.3390274
-3.163265306 -5 35.00624847
-2.959183673 -5 33.75676727
-2.755102041 -5 32.59058762
-2.551020408 -5 31.50770569
-2.346938776 -5 30.50812149
-2.142857143 -5 29.59183693
-1.93877551 -5 28.7588501
-1.734693878 -5 28.0091629
-1.530612245 -5 27.34277344
-1.326530612 -5 26.75968361
-1.12244898 -5 26.25989151
-0.9183673469 -5 25.84339905
-0.7142857143 -5 25.51020432
-0.5102040816 -5 25.26030731
-0.306122449 -5 25.09371185
-0.1020408163 -5 25.01041222
0.1020408163 -5 25.01041222
0.306122449 -5 25.09371185
0.5102040816 -5 25.26030731
0.7142857143 -5 25.51020432
0.9183673469 -5 25.84339905
1.12244898 -5 26.25989151
1.326530612 -5 26.75968361
1.530612245 -5 27.34277344
1.734693878 -5 28.0091629
1.93877551 -5 28.7588501
2.142857143 -5 29.59183693
2.346938776 -5 30.50812149
2.551020408 -5 31.50770569
2.755102041 -5 32.59058762
2.959183673 -5 33.75676727
3.163265306 -5 35.00624847
3.367346939 -5 36.3390274
3.571428571 -5 37.75510406
3.775510204 -5 39.25447845
3.979591837 -5 40.83715057
4.183673469 -5 42.50312042
4.387755102 -5 44.25239563
4.591836735 -5 46.08496857
4.795918367 -5 48.0008316
5 -5 50

-5 -4.795918367 48.0008316
-4.795918367 -4.795918367 46.00166702
-4.591836735 -4.795918367 44.08580017
-4.387755102 -4.795918367 42.25322723
-4.183673469 -4.795918367 40.50395584
-3.979591837 -4.795918367 38.83798599
-3.775510204 -4.795918367 37.25531006
-3.571428571 -4.795918367 35.75593567
-3.367346939 -4.795918367 34.33985901
-3.163265306 -4.795918367 33.00708008
-2.959183673 -4.795918367 31.75760269
-2.755102041 -4.795918367 30.59142113
-2.551020408 -4.795918367 29.5085392
-2.346938776 -4.795918367 28.508955
-2.142857143 -4.795918367 27.59267044
-1.93877551 -4.795918367 26.75968361
-1.734693878 -4.795918367 26.00999641
-1.530612245 -4.795918367 25.34360695
-1.326530612 -4.795918367 24.76051712
-1.12244898 -4.795918367 24.26072502
-0.9183673469 -4.795918367 23.84423256
-0.7142857143 -4.795918367 23.51103783
-0.5102040816 -4.795918367 23.26114082
-0.306122449 -4.795918367 23.09454536
-0.1020408163 -4.795918367 23.01124573
0.1020408163 -4.795918367 23.01124573
0.306122449 -4.795918367 23.09454536
0.5102040816 -4.795918367 23.26114082
0.7142857143 -4.795918367 23.51103783
0.9183673469 -4.795918367 23.84423256
1.12244898 -4.795918367 24.26072502
1.326530612 -4.795918367 24.76051712
1.530612245 -4.795918367 25.34360695
1.734693878 -4.795918367 26.00999641
1.93877551 -4.795918367 26.75968361
2.142857143 -4.795918367 27.59267044
2.346938776 -4.795918367 28.508955
2.551020408 -4.795918367 29.5085392
2.755102041 -4.795918367 30.59142113
2.959183673 -4.795918367 31.75760269
3.163265306 -4.795918367 33.00708008
3.367346939 -4.795918367 34.33985901
3.571428571 -4.795918367 35.75593567
3.775510204 -4.795918367 37.25531006
3.979591837 -4.795918367 38.83798599
4.183673469 -4.795918367 40.50395584
4.387755102 -4.795918367 42.25322723
4.591836735 -4.795918367 44.08580017
4.795918367 -4.795918367 46.00166702
5 -4.795918367 48.0008316

-5 -4.591836735 46.08496857
-4.795918367 -4.591836735 44.08580017
-4.591836735 -4.591836735 42.16993332
-4.387755102 -4.591836735 40.33736038
-4.183673469 -4.591836735 38.58808899
-3.979591837 -4.591836735 36.92211914
-3.775510204 -4.591836735 35.33944702
-3.571428571 -4.591836735 33.84006882
-3.367346939 -4.591836735 32.42399216
-3.163265306 -4.591836735 31.09121323
-2.959183673 -4.591836735 29.84173584
-2.755102041 -4.591836735 28.67555428
-2.551020408 -4.591836735 27.59267235
-2.346938776 -4.591836735 26.59308815
-2.142857143 -4.591836735 25.67680359
-1.93877551 -4.591836735 24.84381676
-1.734693878 -4.591836735 24.09412956
-1.530612245 -4.591836735 23.4277401
-1.326530612 -4.591836735 22.84465027
-1.12244898 -4.591836735 22.34485817
-0.9183673469 -4.591836735 21.92836571
-0.7142857143 -4.591836735 21.59517097
-0.5102040816 -4.591836735 21.34527397
-0.306122449 -4.591836735 21.17867851
-0.1020408163 -4.591836735 21.09537888
0.1020408163 -4.591836735 21.09537888
0.306122449 -4.591836735 21.17867851
0.5102040816 -4.591836735 21.34527397
0.7142857143 -4.591836735 21.59517097
0.9183673469 -4.591836735 21.92836571
1.12244898 -4.591836735 22.34485817
1.326530612 -4.591836735 22.84465027
1.530612245 -4.591836735 23.4277401
1.734693878 -4.591836735 24.09412956
1.93877551 -4.591836735 24.84381676
2.142857143 -4.591836735 25.67680359
2.346938776 -4.591836735 26.59308815
2.551020408 -4.591836735 27.59267235
2.755102041 -4.591836735 28.67555428
2.959183673 -4.591836735 29.84173584
3.163265306 -4.591836735 31.09121323
3.367346939 -4.591836735 32.42399216
3.571428571 -4.591836735 33.84006882
3.775510204 -4.591836735 35.33944702
3.979591837 -4.591836735 36.92211914
4.183673469 -4.591836735 38.58808899
4.387755102 -4.591836735 40.33736038
4.591836735 -4.591836735 42.16993332
4.795918367 -4.591836735 44.08580017
5 -4.591836735 46.08496857

-5 -4.387755102 44.25239563
-4.795918367 -4.387755102 42.25322723
-4.591836735 -4.387755102 40.33736038
-4.387755102 -4.387755102 38.50478745
-4.183673469 -4.387755102 36.75551605
-3.979591837 -4.387755102 35.0895462
-3.775510204 -4.387755102 33.50687408
-3.571428571 -4.387755102 32.00749588
-3.367346939 -4.387755102 30.59141922
-3.163265306 -4.387755102 29.25864029
-2.959183673 -4.387755102 28.0091629
-2.755102041 -4.387755102 26.84298134
-2.551020408 -4.387755102 25.76009941
-2.346938776 -4.387755102 24.76051521
-2.142857143 -4.387755102 23.84423065
-1.93877551 -4.387755102 23.01124382
-1.734693878 -4.387755102 22.26155663
-1.530612245 -4.387755102 21.59516716
-1.326530612 -4.387755102 21.01207733
-1.12244898 -4.387755102 20.51228523
-0.9183673469 -4.387755102 20.09579277
-0.7142857143 -4.387755102 19.76259804
-0.5102040816 -4.387755102 19.51270103
-0.306122449 -4.387755102 19.34610558
-0.1020408163 -4.387755102 19.26280594
0.1020408163 -4.387755102 19.26280594
0.306122449 -4.387755102 19.34610558
0.5102040816 -4.387755102 19.51270103
0.7142857143 -4.387755102 19.76259804
0.9183673469 -4.387755102 20.09579277
1.12244898 -4.387755102 20.51228523
1.326530612 -4.387755102 21.01207733
1.530612245 -4.387755102 21.59516716
1.734693878 -4.387755102 22.26155663
1.93877551 -4.387755102 23.01124382
2.142857143 -4.387755102 23.84423065
2.346938776 -4.387755102 24.76051521
2.551020408 -4.387755102 25.76009941
2.755102041 -4.387755102 26.84298134
2.959183673 -4.387755102 28.0091629
3.163265306 -4.387755102 29.25864029
3.367346939 -4.387755102 30.59141922
3.571428571 -4.387755102 32.00749588
3.775510204 -4.387755102 33.50687408
3.979591837 -4.387755102 35.0895462
4.183673469 -4.387755102 36.75551605
4.387755102 -4.387755102 38.50478745
4.591836735 -4.387755102 40.33736038
4.795918367 -4.387755102 42.25322723
5 -4.387755102 44.25239563

-5 -4.183673469 42.50312042
-4.795918367 -4.183673469 40.50395584
-4.591836735 -4.183673469 38.58808899
-4.387755102 -4.183673469 36.75551605
-4.183673469 -4.183673469 35.00624466
-3.979591837 -4.183673469 33.34027481
-3.775510204 -4.183673469 31.75760078
-3.571428571 -4.183673469 30.25822449
-3.367346939 -4.183673469 28.84214783
-3.163265306 -4.183673469 27.5093689
-2.959183673 -4.183673469 26.25989151
-2.755102041 -4.183673469 25.09370995
-2.551020408 -4.183673469 24.01082802
-2.346938776 -4.183673469 23.01124382
-2.142857143 -4.183673469 22.09495926
-1.93877551 -4.183673469 21.26197243
-1.734693878 -4.183673469 20.51228523
-1.530612245 -4.183673469 19.84589577
-1.326530612 -4.183673469 19.26280594
-1.12244898 -4.183673469 18.76301384
-0.9183673469 -4.183673469 18.34652138
-0.7142857143 -4.183673469 18.01332664
-0.5102040816 -4.183673469 17.76342964
-0.306122449 -4.183673469 17.59683418
-0.1020408163 -4.183673469 17.51353455
0.1020408163 -4.183673469 17.51353455
0.306122449 -4.183673469 17.59683418
0.5102040816 -4.183673469 17.76342964
0.7142857143 -4.183673469 18.01332664
0.9183673469 -4.183673469 18.34652138
1.12244898 -4.183673469 18.76301384
1.326530612 -4.183673469 19.26280594
1.530612245 -4.183673469 19.84589577
1.734693878 -4.183673469 20.51228523
1.93877551 -4.183673469 21.26197243
2.142857143 -4.183673469 22.09495926
2.346938776 -4.183673469 23.01124382
2.551020408 -4.183673469 24.01082802
2.755102041 -4.183673469 25.09370995
2.959183673 -4.183673469 26.25989151
3.163265306 -4.183673469 27.5093689
3.367346939 -4.183673469 28.84214783
3.571428571 -4.183673469 30.25822449
3.775510204 -4.183673469 31.75760078
3.979591837 -4.183673469 33.34027481
4.183673469 -4.183673469 35.00624466
4.387755102 -4.183673469 36.75551605
4.591836735 -4.183673469 38.58808899
4.795918367 -4.183673469 40.50395584
5 -4.183673469 42.50312042

-5 -3.979591837 40.83715057
-4.795918367 -3.979591837 38.83798599
-4.591836735 -3.979591837 36.92211914
-4.387755102 -3.979591837 35.0895462
-4.183673469 -3.979591837 33.34027481
-3.979591837 -3.979591837 31.67430305
-3.775510204 -3.979591837 30.09162903
-3.571428571 -3.979591837 28.59225464
-3.367346939 -3.979591837 27.17617798
-3.163265306 -3.979591837 25.84339905
-2.959183673 -3.979591837 24.59391975
-2.755102041 -3.979591837 23.4277401
-2.551020408 -3.979591837 22.34485626
-2.346938776 -3.979591837 21.34527397
-2.142857143 -3.979591837 20.4289875
-1.93877551 -3.979591837 19.59600258
-1.734693878 -3.979591837 18.84631348
-1.530612245 -3.979591837 18.17992592
-1.326530612 -3.979591837 17.59683418
-1.12244898 -3.979591837 17.09704399
-0.9183673469 -3.979591837 16.68054962
-0.7142857143 -3.979591837 16.34735489
-0.5102040816 -3.979591837 16.09745979
-0.306122449 -3.979591837 15.93086243
-0.1020408163 -3.979591837 15.84756374
0.1020408163 -3.979591837 15.84756374
0.306122449 -3.979591837 15.93086243
0.5102040816 -3.979591837 16.09745979
0.7142857143 -3.979591837 16.34735489
0.9183673469 -3.979591837 16.68054962
1.12244898 -3.979591837 17.09704399
1.326530612 -3.979591837 17.59683418
1.530612245 -3.979591837 18.17992592
1.734693878 -3.979591837 18.84631348
1.93877551 -3.979591837 19.59600258
2.142857143 -3.979591837 20.4289875
2.346938776 -3.979591837 21.34527397
2.551020408 -3.979591837 22.34485626
2.755102041 -3.979591837 23.4277401
2.959183673 -3.979591837 24.59391975
3.163265306 -3.979591837 25.84339905
3.367346939 -3.979591837 27.17617798
3.571428571 -3.979591837 28.59225464
3.775510204 -3.979591837 30.09162903
3.979591837 -3.979591837 31.67430305
4.183673469 -3.979591837 33.34027481
4.387755102 -3.979591837 35.0895462
4.591836735 -3.979591837 36.92211914
4.795918367 -3.979591837 38.83798599
5 -3.979591837 40.83715057

-5 -3.775510204 39.25447845
-4.795918367 -3.775510204 37.25531006
-4.591836735 -3.775510204 35.33944702
-4.387755102 -3.775510204 33.50687408
-4.183673469 -3.775510204 31.75760078
-3.979591837 -3.775510204 30.09162903
-3.775510204 -3.775510204 28.50895691
-3.571428571 -3.775510204 27.00958061
-3.367346939 -3.775510204 25.59350395
-3.163265306 -3.775510204 24.26072502
-2.959183673 -3.775510204 23.01124573
-2.755102041 -3.775510204 21.84506607
-2.551020408 -3.775510204 20.76218414
-2.346938776 -3.775510204 19.76259995
-2.142857143 -3.775510204 18.84631538
-1.93877551 -3.775510204 18.01332855
-1.734693878 -3.775510204 17.26364136
-1.530612245 -3.775510204 16.59725189
-1.326530612 -3.775510204 16.01416206
-1.12244898 -3.775510204 15.51436996
-0.9183673469 -3.775510204 15.0978775
-0.7142857143 -3.775510204 14.76468277
-0.5102040816 -3.775510204 14.51478672
-0.306122449 -3.775510204 14.34818935
-0.1020408163 -3.775510204 14.26489067
0.1020408163 -3.775510204 14.26489067
0.306122449 -3.775510204 14.34818935
0.5102040816 -3.775510204 14.51478672
0.7142857143 -3.775510204 14.76468277
0.9183673469 -3.775510204 15.0978775
1.12244898 -3.775510204 15.51436996
1.326530612 -3.775510204 16.01416206
1.530612245 -3.775510204 16.59725189
1.734693878 -3.775510204 17.26364136
1.93877551 -3.775510204 18.01332855
2.142857143 -3.775510204 18.84631538
2.346938776 -3.775510204 19.76259995
2.551020408 -3.775510204 20.76218414
2.755102041 -3.775510204 21.84506607
2.959183673 -3.775510204 23.01124573
3.163265306 -3.775510204 24.26072502
3.367346939 -3.775510204 25.59350395
3.571428571 -3.775510204 27.00958061
3.775510204 -3.775510204 28.50895691
3.979591837 -3.775510204 30.09162903
4.183673469 -3.775510204 31.75760078
4.387755102 -3.775510204 33.50687408
4.591836735 -3.775510204 35.33944702
4.795918367 -3.775510204 37.25531006
5 -3.775510204 39.25447845

-5 -3.571428571 37.75510406
-4.795918367 -3.571428571 35.75593567
-4.591836735 -3.571428571 33.84006882
-4.387755102 -3.571428571 32.00749588
-4.183673469 -3.571428571 30.25822449
-3.979591837 -3.571428571 28.59225464
-3.775510204 -3.571428571 27.00958061
-3.571428571 -3.571428571 25.51020432
-3.367346939 -3.571428571 24.09412766
-3.163265306 -3.571428571 22.76134872
-2.959183673 -3.571428571 21.51187134
-2.755102041 -3.571428571 20.34568977
-2.551020408 -3.571428571 19.26280785
-2.346938776 -3.571428571 18.26322365
-2.142857143 -3.571428571 17.34693909
-1.93877551 -3.571428571 16.51395226
-1.734693878 -3.571428571 15.76426506
-1.530612245 -3.571428571 15.0978756
-1.326530612 -3.571428571 14.51478577
-1.12244898 -3.571428571 14.01499367
-0.9183673469 -3.571428571 13.59850121
-0.7142857143 -3.571428571 13.26530647
-0.5102040816 -3.571428571 13.01541042
-0.306122449 -3.571428571 12.84881306
-0.1020408163 -3.571428571 12.76551437
0.1020408163 -3.571428571 12.76551437
0.306122449 -3.571428571 12.84881306
0.5102040816 -3.571428571 13.01541042
0.7142857143 -3.571428571 13.26530647
0.9183673469 -3.571428571 13.59850121
1.12244898 -3.571428571 14.01499367
1.326530612 -3.571428571 14.51478577
1.530612245 -3.571428571 15.0978756
1.734693878 -3.571428571 15.76426506
1.93877551 -3.571428571 16.51395226
2.142857143 -3.571428571 17.34693909
2.346938776 -3.571428571 18.26322365
2.551020408 -3.571428571 19.26280785
2.755102041 -3.571428571 20.34568977
2.959183673 -3.571428571 21.51187134
3.163265306 -3.571428571 22.76134872
3.367346939 -3.571428571 24.09412766
3.571428571 -3.571428571 25.51020432
3.775510204 -3.571428571 27.00958061
3.979591837 -3.571428571 28.59225464
4.183673469 -3.571428571 30.25822449
4.387755102 -3.571428571 32.00749588
4.591836735 -3.571428571 33.84006882
4.795918367 -3.571428571 35.75593567
5 -3.571428571 37.75510406

-5 -3.367346939 36.3390274
-4.795918367 -3.367346939 34.33985901
-4.591836735 -3.367346939 32.42399216
-4.387755102 -3.367346939 30.59141922
-4.183673469 -3.367346939 28.84214783
-3.979591837 -3.367346939 27.17617798
-3.775510204 -3.367346939 25.59350395
-3.571428571 -3.367346939 24.09412766
-3.367346939 -3.367346939 22.67805099
-3.163265306 -3.367346939 21.34527206
-2.959183673 -3.367346939 20.09579468
-2.755102041 -3.367346939 18.92961311
-2.551020408 -3.367346939 17.84673119
-2.346938776 -3.367346939 16.84714699
-2.142857143 -3.367346939 15.93086243
-1.93877551 -3.367346939 15.0978756
-1.734693878 -3.367346939 14.3481884
-1.530612245 -3.367346939 13.68179893
-1.326530612 -3.367346939 13.09870911
-1.12244898 -3.367346939 12.59891701
-0.9183673469 -3.367346939 12.18242455
-0.7142857143 -3.367346939 11.84922981
-0.5102040816 -3.367346939 11.59933376
-0.306122449 -3.367346939 11.4327364
-0.1020408163 -3.367346939 11.34943771
0.1020408163 -3.367346939 11.34943771
0.306122449 -3.367346939 11.4327364
0.5102040816 -3.367346939 11.59933376
0.7142857143 -3.367346939 11.84922981
0.9183673469 -3.367346939 12.18242455
1.12244898 -3.367346939 12.59891701
1.326530612 -3.367346939 13.09870911
1.530612245 -3.367346939 13.68179893
1.734693878 -3.367346939 14.3481884
1.93877551 -3.367346939 15.0978756
2.142857143 -3.367346939 15.93086243
2.346938776 -3.367346939 16.84714699
2.551020408 -3.367346939 17.84673119
2.755102041 -3.367346939 18.92961311
2.959183673 -3.367346939 20.09579468
3.163265306 -3.367346939 21.34527206
3.367346939 -3.367346939 22.67805099
3.571428571 -3.367346939 24.09412766
3.775510204 -3.367346939 25.59350395
3.979591837 -3.367346939 27.17617798
4.183673469 -3.367346939 28.84214783
4.387755102 -3.367346939 30.59141922
4.591836735 -3.367346939 32.42399216
4.795918367 -3.367346939 34.33985901
5 -3.367346939 36.3390274

-5 -3.163265306 35.00624847
-4.795918367 -3.163265306 33.00708008
-4.591836735 -3.163265306 31.09121323
-4.387755102 -3.163265306 29.25864029
-4.183673469 -3.163265306 27.5093689
-3.979591837 -3.163265306 25.84339905
-3.775510204 -3.163265306 24.26072502
-3.571428571 -3.163265306 22.76134872
-3.367346939 -3.163265306 21.34527206
-3.163265306 -3.163265306 20.01249313
-2.959183673 -3.163265306 18.76301575
-2.755102041 -3.163265306 17.59683418
-2.551020408 -3.163265306 16.51395226
-2.346938776 -3.163265306 15.51436806
-2.142857143 -3.163265306 14.5980835
-1.93877551 -3.163265306 13.76509666
-1.734693878 -3.163265306 13.01540947
-1.530612245 -3.163265306 12.34902
-1.326530612 -3.163265306 11.76593018
-1.12244898 -3.163265306 11.26613808
-0.9183673469 -3.163265306 10.84964561
-0.7142857143 -3.163265306 10.51645088
-0.5102040816 -3.163265306 10.26655483
-0.306122449 -3.163265306 10.09995747
-0.1020408163 -3.163265306 10.01665878
0.1020408163 -3.163265306 10.01665878
0.306122449 -3.163265306 10.09995747
0.5102040816 -3.163265306 10.26655483
0.7142857143 -3.163265306 10.51645088
0.9183673469 -3.163265306 10.84964561
1.12244898 -3.163265306 11.26613808
1.326530612 -3.163265306 11.76593018
1.530612245 -3.163265306 12.34902
1.734693878 -3.163265306 13.01540947
1.93877551 -3.163265306 13.76509666
2.142857143 -3.163265306 14.5980835
2.346938776 -3.163265306 15.51436806
2.551020408 -3.163265306 16.51395226
2.755102041 -3.163265306 17.59683418
2.959183673 -3.163265306 18.76301575
3.163265306 -3.163265306 20.01249313
3.367346939 -3.163265306 21.34527206
3.571428571 -3.163265306 22.76134872
3.775510204 -3.163265306 24.26072502
3.979591837 -3.163265306 25.84339905
4.183673469 -3.163265306 27.5093689
4.387755102 -3.163265306 29.25864029
4.591836735 -3.163265306 31.09121323
4.795918367 -3.163265306 33.00708008
5 -3.163265306 35.00624847

-5 -2.959183673 33.75676727
-4.795918367 -2.959183673 31.75760269
-4.591836735 -2.959183673 29.84173584
-4.387755102 -2.959183673 28.0091629
-4.183673469 -2.959183673 26.25989151
-3.979591837 -2.959183673 24.59391975
-3.775510204 -2.959183673 23.01124573
-3.571428571 -2.959183673 21.51187134
-3.367346939 -2.959183673 20.09579468
-3.163265306 -2.959183673 18.76301575
-2.959183673 -2.959183673 17.51353645
-2.755102041 -2.959183673 16.3473568
-2.551020408 -2.959183673 15.26447296
-2.346938776 -2.959183673 14.26489067
-2.142857143 -2.959183673 13.3486042
-1.93877551 -2.959183673 12.51561928
-1.734693878 -2.959183673 11.76593113
-1.530612245 -2.959183673 11.09954262
-1.326530612 -2.959183673 10.51645184
-1.12244898 -2.959183673 10.01665974
-0.9183673469 -2.959183673 9.600166321
-0.7142857143 -2.959183673 9.266972542
-0.5102040816 -2.959183673 9.017076492
-0.306122449 -2.959183673 8.850479126
-0.1020408163 -2.959183673 8.767180443
0.1020408163 -2.959183673 8.767180443
0.306122449 -2.959183673 8.850479126
0.5102040816 -2.959183673 9.017076492
0.7142857143 -2.959183673 9.266972542
0.9183673469 -2.959183673 9.600166321
1.12244898 -2.959183673 10.01665974
1.326530612 -2.959183673 10.51645184
1.530612245 -2.959183673 11.09954262
1.734693878 -2.959183673 11.76593113
1.93877551 -2.959183673 12.51561928
2.142857143 -2.959183673 13.3486042
2.346938776 -2.959183673 14.26489067
2.551020408 -2.959183673 15.26447296
2.755102041 -2.959183673 16.3473568
2.959183673 -2.959183673 17.51353645
3.163265306 -2.959183673 18.76301575
3.367346939 -2.959183673 20.09579468
3.571428571 -2.959183673 21.51187134
3.775510204 -2.959183673 23.01124573
3.979591837 -2.959183673 24.59391975
4.183673469 -2.959183673 26.25989151
4.387755102 -2.959183673 28.0091629
4.591836735 -2.959183673 29.84173584
4.795918367 -2.959183673 31.75760269
5 -2.959183673 33.75676727

-5 -2.755102041 32.59058762
-4.795918367 -2.755102041 30.59142113
-4.591836735 -2.755102041 28.67555428
-4.387755102 -2.755102041 26.84298134
-4.183673469 -2.755102041 25.09370995
-3.979591837 -2.755102041 23.4277401
-3.775510204 -2.755102041 21.84506607
-3.571428571 -2.755102041 20.34568977
-3.367346939 -2.755102041 18.92961311
-3.163265306 -2.755102041 17.59683418
-2.959183673 -2.755102041 16.3473568
-2.755102041 -2.755102041 15.18117619
-2.551020408 -2.755102041 14.0982933
-2.346938776 -2.755102041 13.09871006
-2.142857143 -2.755102041 12.18242455
-1.93877551 -2.755102041 11.34943867
-1.734693878 -2.755102041 10.59975052
-1.530612245 -2.755102041 9.933362007
-1.326530612 -2.755102041 9.350271225
-1.12244898 -2.755102041 8.85048008
-0.9183673469 -2.755102041 8.433986664
-0.7142857143 -2.755102041 8.100791931
-0.5102040816 -2.755102041 7.850896358
-0.306122449 -2.755102041 7.684298992
-0.1020408163 -2.755102041 7.601000309
0.1020408163 -2.755102041 7.601000309
0.306122449 -2.755102041 7.684298992
0.5102040816 -2.755102041 7.850896358
0.7142857143 -2.755102041 8.100791931
0.9183673469 -2.755102041 8.433986664
1.12244898 -2.755102041 8.85048008
1.326530612 -2.755102041 9.350271225
1.530612245 -2.755102041 9.933362007
1.734693878 -2.755102041 10.59975052
1.93877551 -2.755102041 11.34943867
2.142857143 -2.755102041 12.18242455
2.346938776 -2.755102041 13.09871006
2.551020408 -2.755102041 14.0982933
2.755102041 -2.755102041 15.18117619
2.959183673 -2.755102041 16.3473568
3.163265306 -2.755102041 17.59683418
3.367346939 -2.755102041 18.92961311
3.571428571 -2.755102041 20.34568977
3.775510204 -2.755102041 21.84506607
3.979591837 -2.755102041 23.4277401
4.183673469 -2.755102041 25.09370995
4.387755102 -2.755102041 26.84298134
4.591836735 -2.755102041 28.67555428
4.795918367 -2.755102041 30.59142113
5 -2.755102041 32.59058762

-5 -2.551020408 31.50770569
-4.795918367 -2.551020408 29.5085392
-4.591836735 -2.551020408 27.59267235
-4.387755102 -2.551020408 25.76009941
-4.183673469 -2.551020408 24.01082802
-3.979591837 -2.551020408 22.34485626
-3.775510204 -2.551020408 20.76218414
-3.571428571 -2.551020408 19.26280785
-3.367346939 -2.551020408 17.84673119
-3.163265306 -2.551020408 16.51395226
-2.959183673 -2.551020408 15.26447296
-2.755102041 -2.551020408 14.0982933
-2.551020408 -2.551020408 13.01541042
-2.346938776 -2.551020408 12.01582718
-2.142857143 -2.551020408 11.09954166
-1.93877551 -2.551020408 10.26655579
-1.734693878 -2.551020408 9.516868591
-1.530612245 -2.551020408 8.850479126
-1.326530612 -2.551020408 8.267388344
-1.12244898 -2.551020408 7.767596722
-0.9183673469 -2.551020408 7.351103783
-0.7142857143 -2.551020408 7.01790905
-0.5102040816 -2.551020408 6.768013477
-0.306122449 -2.551020408 6.601416111
-0.1020408163 -2.551020408 6.518117428
0.1020408163 -2.551020408 6.518117428
0.306122449 -2.551020408 6.601416111
0.5102040816 -2.551020408 6.768013477
0.7142857143 -2.551020408 7.01790905
0.9183673469 -2.551020408 7.351103783
1.12244898 -2.551020408 7.767596722
1.326530612 -2.551020408 8.267388344
1.530612245 -2.551020408 8.850479126
1.734693878 -2.551020408 9.516868591
1.93877551 -2.551020408 10.26655579
2.142857143 -2.551020408 11.09954166
2.346938776 -2.551020408 12.01582718
2.551020408 -2.551020408 13.01541042
2.755102041 -2.551020408 14.0982933
2.959183673 -2.551020408 15.26447296
3.163265306 -2.551020408 16.51395226
3.367346939 -2.551020408 17.84673119
3.571428571 -2.551020408 19.26280785
3.775510204 -2.551020408 20.76218414
3.979591837 -2.551020408 22.34485626
4.183673469 -2.551020408 24.01082802
4.387755102 -2.551020408 25.76009941
4.591836735 -2.551020408 27.59267235
4.795918367 -2.551020408 29.5085392
5 -2.551020408 31.50770569

-5 -2.346938776 30.50812149
-4.795918367 -2.346938776 28.508955
-4.591836735 -2.346938776 26.59308815
-4.387755102 -2.346938776 24.76051521
-4.183673469 -2.346938776 23.01124382
-3.979591837 -2.346938776 21.34527397
-3.775510204 -2.346938776 19.76259995
-3.571428571 -2.346938776 18.26322365
-3.367346939 -2.346938776 16.84714699
-3.163265306 -2.346938776 15.51436806
-2.959183673 -2.346938776 14.26489067
-2.755102041 -2.346938776 13.09871006
-2.551020408 -2.346938776 12.01582718
-2.346938776 -2.346938776 11.01624393
-2.142857143 -2.346938776 10.09995842
-1.93877551 -2.346938776 9.266972542
-1.734693878 -2.346938776 8.517284393
-1.530612245 -2.346938776 7.850895882
-1.326530612 -2.346938776 7.267805099
-1.12244898 -2.346938776 6.768013477
-0.9183673469 -2.346938776 6.351520538
-0.7142857143 -2.346938776 6.018325806
-0.5102040816 -2.346938776 5.768430233
-0.306122449 -2.346938776 5.601832867
-0.1020408163 -2.346938776 5.518534184
0.1020408163 -2.346938776 5.518534184
0.306122449 -2.346938776 5.601832867
0.5102040816 -2.346938776 5.768430233
0.7142857143 -2.346938776 6.018325806
0.9183673469 -2.346938776 6.351520538
1.12244898 -2.346938776 6.768013477
1.326530612 -2.346938776 7.267805099
1.530612245 -2.346938776 7.850895882
1.734693878 -2.346938776 8.517284393
1.93877551 -2.346938776 9.266972542
2.142857143 -2.346938776 10.09995842
2.346938776 -2.346938776 11.01624393
2.551020408 -2.346938776 12.01582718
2.755102041 -2.346938776 13.09871006
2.959183673 -2.346938776 14.26489067
3.163265306 -2.346938776 15.51436806
3.367346939 -2.346938776 16.84714699
3.571428571 -2.346938776 18.26322365
3.775510204 -2.346938776 19.76259995
3.979591837 -2.346938776 21.34527397
4.183673469 -2.346938776 23.01124382
4.387755102 -2.346938776 24.76051521
4.591836735 -2.346938776 26.59308815
4.795918367 -2.346938776 28.508955
5 -2.346938776 30.50812149

-5 -2.142857143 29.59183693
-4.795918367 -2.142857143 27.59267044
-4.591836735 -2.142857143 25.67680359
-4.387755102 -2.142857143 23.84423065
-4.183673469 -2.142857143 22.09495926
-3.979591837 -2.142857143 20.4289875
-3.775510204 -2.142857143 18.84631538
-3.571428571 -2.142857143 17.34693909
-3.367346939 -2.142857143 15.93086243
-3.163265306 -2.142857143 14.5980835
-2.959183673 -2.142857143 13.3486042
-2.755102041 -2.142857143 12.18242455
-2.551020408 -2.142857143 11.09954166
-2.346938776 -2.142857143 10.09995842
-2.142857143 -2.142857143 9.183672905
-1.93877551 -2.142857143 8.350687027
-1.734693878 -2.142857143 7.600999355
-1.530612245 -2.142857143 6.934610367
-1.326530612 -2.142857143 6.351519585
-1.12244898 -2.142857143 5.851727962
-0.9183673469 -2.142857143 5.435235023
-0.7142857143 -2.142857143 5.102040291
-0.5102040816 -2.142857143 4.852144718
-0.306122449 -2.142857143 4.685547352
-0.1020408163 -2.142857143 4.602248669
0.1020408163 -2.142857143 4.602248669
0.306122449 -2.142857143 4.685547352
0.5102040816 -2.142857143 4.852144718
0.7142857143 -2.142857143 5.102040291
0.9183673469 -2.142857143 5.435235023
1.12244898 -2.142857143 5.851727962
1.326530612 -2.142857143 6.351519585
1.530612245 -2.142857143 6.934610367
1.734693878 -2.142857143 7.600999355
1.93877551 -2.142857143 8.350687027
2.142857143 -2.142857143 9.183672905
2.346938776 -2.142857143 10.09995842
2.551020408 -2.142857143 11.09954166
2.755102041 -2.142857143 12.18242455
2.959183673 -2.142857143 13.3486042
3.163265306 -2.142857143 14.5980835
3.367346939 -2.142857143 15.93086243
3.571428571 -2.142857143 17.34693909
3.775510204 -2.142857143 18.84631538
3.979591837 -2.142857143 20.4289875
4.183673469 -2.142857143 22.09495926
4.387755102 -2.142857143 23.84423065
4.591836735 -2.142857143 25.67680359
4.795918367 -2.142857143 27.59267044
5 -2.142857143 29.59183693

-5 -1.93877551 28.7588501
-4.795918367 -1.93877551 26.75968361
-4.591836735 -1.93877551 24.84381676
-4.387755102 -1.93877551 23.01124382
-4.183673469 -1.93877551 21.26197243
-3.979591837 -1.93877551 19.59600258
-3.775510204 -1.93877551 18.01332855
-3.571428571 -1.93877551 16.51395226
-3.367346939 -1.93877551 15.0978756
-3.163265306 -1.93877551 13.76509666
-2.959183673 -1.93877551 12.51561928
-2.755102041 -1.93877551 11.34943867
-2.551020408 -1.93877551 10.26655579
-2.346938776 -1.93877551 9.266972542
-2.142857143 -1.93877551 8.350687027
-1.93877551 -1.93877551 7.517701149
-1.734693878 -1.93877551 6.768013477
-1.530612245 -1.93877551 6.101624489
-1.326530612 -1.93877551 5.518533707
-1.12244898 -1.93877551 5.018742085
-0.9183673469 -1.93877551 4.602249146
-0.7142857143 -1.93877551 4.269054413
-0.5102040816 -1.93877551 4.01915884
-0.306122449 -1.93877551 3.852561474
-0.1020408163 -1.93877551 3.769262791
0.1020408163 -1.93877551 3.769262791
0.306122449 -1.93877551 3.852561474
0.5102040816 -1.93877551 4.01915884
0.7142857143 -1.93877551 4.269054413
0.9183673469 -1.93877551 4.602249146
1.12244898 -1.93877551 5.018742085
1.326530612 -1.93877551 5.518533707
1.530612245 -1.93877551 6.101624489
1.734693878 -1.93877551 6.768013477
1.93877551 -1.93877551 7.517701149
2.142857143 -1.93877551 8.350687027
2.346938776 -1.93877551 9.266972542
2.551020408 -1.93877551 10.26655579
2.755102041 -1.93877551 11.34943867
2.959183673 -1.93877551 12.51561928
3.163265306 -1.93877551 13.76509666
3.367346939 -1.93877551 15.0978756
3.571428571 -1.93877551 16.51395226
3.775510204 -1.93877551 18.01332855
3.979591837 -1.93877551 19.59600258
4.183673469 -1.93877551 21.26197243
4.387755102 -1.93877551 23.01124382
4.591836735 -1.93877551 24.84381676
4.795918367 -1.93877551 26.75968361
5 -1.93877551 28.7588501

-5 -1.734693878 28.0091629
-4.795918367 -1.734693878 26.00999641
-4.591836735 -1.734693878 24.09412956
-4.387755102 -1.734693878 22.26155663
-4.183673469 -1.734693878 20.51228523
-3.979591837 -1.734693878 18.84631348
-3.775510204 -1.734693878 17.26364136
-3.571428571 -1.734693878 15.76426506
-3.367346939 -1.734693878 14.3481884
-3.163265306 -1.734693878 13.01540947
-2.959183673 -1.734693878 11.76593113
-2.755102041 -1.734693878 10.59975052
-2.551020408 -1.734693878 9.516868591
-2.346938776 -1.734693878 8.517284393
-2.142857143 -1.734693878 7.600999355
-1.93877551 -1.734693878 6.768013477
-1.734693878 -1.734693878 6.018325806
-1.530612245 -1.734693878 5.351936817
-1.326530612 -1.734693878 4.768846512
-1.12244898 -1.734693878 4.269054413
-0.9183673469 -1.734693878 3.852561474
-0.7142857143 -1.734693878 3.51936698
-0.5102040816 -1.734693878 3.269471169
-0.306122449 -1.734693878 3.102873802
-0.1020408163 -1.734693878 3.019575119
0.1020408163 -1.734693878 3.019575119
0.306122449 -1.734693878 3.102873802
0.5102040816 -1.734693878 3.269471169
0.7142857143 -1.734693878 3.51936698
0.9183673469 -1.734693878 3.852561474
1.12244898 -1.734693878 4.269054413
1.326530612 -1.734693878 4.768846512
1.530612245 -1.734693878 5.351936817
1.734693878 -1.734693878 6.018325806
1.93877551 -1.734693878 6.768013477
2.142857143 -1.734693878 7.600999355
2.346938776 -1.734693878 8.517284393
2.551020408 -1.734693878 9.516868591
2.755102041 -1.734693878 10.59975052
2.959183673 -1.734693878 11.76593113
3.163265306 -1.734693878 13.01540947
3.367346939 -1.734693878 14.3481884
3.571428571 -1.734693878 15.76426506
3.775510204 -1.734693878 17.26364136
3.979591837 -1.734693878 18.84631348
4.183673469 -1.734693878 20.51228523
4.387755102 -1.734693878 22.26155663
4.591836735 -1.734693878 24.09412956
4.795918367 -1.734693878 26.00999641
5 -1.734693878 28.0091629

-5 -1.530612245 27.34277344
-4.795918367 -1.530612245 25.34360695
-4.591836735 -1.530612245 23.4277401
-4.387755102 -1.530612245 21.59516716
-4.183673469 -1.530612245 19.84589577
-3.979591837 -1.530612245 18.17992592
-3.775510204 -1.530612245 16.59725189
-3.571428571 -1.530612245 15.0978756
-3.367346939 -1.530612245 13.68179893
-3.163265306 -1.530612245 12.34902
-2.959183673 -1.530612245 11.09954262
-2.755102041 -1.530612245 9.933362007
-2.551020408 -1.530612245 8.850479126
-2.346938776 -1.530612245 7.850895882
-2.142857143 -1.530612245 6.934610367
-1.93877551 -1.530612245 6.101624489
-1.734693878 -1.530612245 5.351936817
-1.530612245 -1.530612245 4.685547829
-1.326530612 -1.530612245 4.102457047
-1.12244898 -1.530612245 3.602665424
-0.9183673469 -1.530612245 3.186172485
-0.7142857143 -1.530612245 2.852977991
-0.5102040816 -1.530612245 2.60308218
-0.306122449 -1.530612245 2.436484814
-0.1020408163 -1.530612245 2.353186131
0.1020408163 -1.530612245 2.353186131
0.306122449 -1.530612245 2.436484814
0.5102040816 -1.530612245 2.60308218
0.7142857143 -1.530612245 2.852977991
0.9183673469 -1.530612245 3.186172485
1.12244898 -1.530612245 3.602665424
1.326530612 -1.530612245 4.102457047
1.530612245 -1.530612245 4.685547829
1.734693878 -1.530612245 5.351936817
1.93877551 -1.530612245 6.101624489
2.142857143 -1.530612245 6.934610367
2.346938776 -1.530612245 7.850895882
2.551020408 -1.530612245 8.850479126
2.755102041 -1.530612245 9.933362007
2.959183673 -1.530612245 11.09954262
3.163265306 -1.530612245 12.34902
3.367346939 -1.530612245 13.68179893
3.571428571 -1.530612245 15.0978756
3.775510204 -1.530612245 16.59725189
3.979591837 -1.530612245 18.17992592
4.183673469 -1.530612245 19.84589577
4.387755102 -1.530612245 21.59516716
4.591836735 -1.530612245 23.4277401
4.795918367 -1.530612245 25.34360695
5 -1.530612245 27.34277344

-5 -1.326530612 26.75968361
-4.795918367 -1.326530612 24.76051712
-4.591836735 -1.326530612 22.84465027
-4.387755102 -1.326530612 21.01207733
-4.183673469 -1.326530612 19.26280594
-3.979591837 -1.326530612 17.59683418
-3.775510204 -1.326530612 16.01416206
-3.571428571 -1.326530612 14.51478577
-3.367346939 -1.326530612 13.09870911
-3.163265306 -1.326530612 11.76593018
-2.959183673 -1.326530612 10.51645184
-2.755102041 -1.326530612 9.350271225
-2.551020408 -1.326530612 8.267388344
-2.346938776 -1.326530612 7.267805099
-2.142857143 -1.326530612 6.351519585
-1.93877551 -1.326530612 5.518533707
-1.734693878 -1.326530612 4.768846512
-1.530612245 -1.326530612 4.102457047
-1.326530612 -1.326530612 3.519366741
-1.12244898 -1.326530612 3.019575119
-0.9183673469 -1.326530612 2.603081942
-0.7142857143 -1.326530612 2.269887447
-0.5102040816 -1.326530612 2.019991636
-0.306122449 -1.326530612 1.85339427
-0.1020408163 -1.326530612 1.770095706
0.1020408163 -1.326530612 1.770095706
0.306122449 -1.326530612 1.85339427
0.5102040816 -1.326530612 2.019991636
0.7142857143 -1.326530612 2.269887447
0.9183673469 -1.326530612 2.603081942
1.12244898 -1.326530612 3.019575119
1.326530612 -1.326530612 3.519366741
1.530612245 -1.326530612 4.102457047
1.734693878 -1.326530612 4.768846512
1.93877551 -1.326530612 5.518533707
2.142857143 -1.326530612 6.351519585
2.346938776 -1.326530612 7.267805099
2.551020408 -1.326530612 8.267388344
2.755102041 -1.326530612 9.350271225
2.959183673 -1.326530612 10.51645184
3.163265306 -1.326530612 11.76593018
3.367346939 -1.326530612 13.09870911
3.571428571 -1.326530612 14.51478577
3.775510204 -1.326530612 16.01416206
3.979591837 -1.326530612 17.59683418
4.183673469 -1.326530612 19.26280594
4.387755102 -1.326530612 21.01207733
4.591836735 -1.326530612 22.84465027
4.795918367 -1.326530612 24.76051712
5 -1.326530612 26.75968361

-5 -1.12244898 26.25989151
-4.795918367 -1.12244898 24.26072502
-4.591836735 -1.12244898 22.34485817
-4.387755102 -1.12244898 20.51228523
-4.183673469 -1.12244898 18.76301384
-3.979591837 -1.12244898 17.09704399
-3.775510204 -1.12244898 15.51436996
-3.571428571 -1.12244898 14.01499367
-3.367346939 -1.12244898 12.59891701
-3.163265306 -1.12244898 11.26613808
-2.959183673 -1.12244898 10.01665974
-2.755102041 -1.12244898 8.85048008
-2.551020408 -1.12244898 7.767596722
-2.346938776 -1.12244898 6.768013477
-2.142857143 -1.12244898 5.851727962
-1.93877551 -1.12244898 5.018742085
-1.734693878 -1.12244898 4.269054413
-1.530612245 -1.12244898 3.602665424
-1.326530612 -1.12244898 3.019575119
-1.12244898 -1.12244898 2.519783258
-0.9183673469 -1.12244898 2.103290081
-0.7142857143 -1.12244898 1.770095706
-0.5102040816 -1.12244898 1.520199776
-0.306122449 -1.12244898 1.353602648
-0.1020408163 -1.12244898 1.270303965
0.1020408163 -1.12244898 1.270303965
0.306122449 -1.12244898 1.353602648
0.5102040816 -1.12244898 1.520199776
0.7142857143 -1.12244898 1.770095706
0.9183673469 -1.12244898 2.103290081
1.12244898 -1.12244898 2.519783258
1.326530612 -1.12244898 3.019575119
1.530612245 -1.12244898 3.602665424
1.734693878 -1.12244898 4.269054413
1.93877551 -1.12244898 5.018742085
2.142857143 -1.12244898 5.851727962
2.346938776 -1.12244898 6.768013477
2.551020408 -1.12244898 7.767596722
2.755102041 -1.12244898 8.85048008
2.959183673 -1.12244898 10.01665974
3.163265306 -1.12244898 11.26613808
3.367346939 -1.12244898 12.59891701
3.571428571 -1.12244898 14.01499367
3.775510204 -1.12244898 15.51436996
3.979591837 -1.12244898 17.09704399
4.183673469 -1.12244898 18.76301384
4.387755102 -1.12244898 20.51228523
4.591836735 -1.12244898 22.34485817
4.795918367 -1.12244898 24.26072502
5 -1.12244898 26.25989151

-5 -0.9183673469 25.84339905
-4.795918367 -0.9183673469 23.84423256
-4.591836735 -0.9183673469 21.92836571
-4.387755102 -0.9183673469 20.09579277
-4.183673469 -0.9183673469 18.34652138
-3.979591837 -0.9183673469 16.68054962
-3.775510204 -0.9183673469 15.0978775
-3.571428571 -0.9183673469 13.59850121
-3.367346939 -0.9183673469 12.18242455
-3.163265306 -0.9183673469 10.84964561
-2.959183673 -0.9183673469 9.600166321
-2.755102041 -0.9183673469 8.433986664
-2.551020408 -0.9183673469 7.351103783
-2.346938776 -0.9183673469 6.351520538
-2.142857143 -0.9183673469 5.435235023
-1.93877551 -0.9183673469 4.602249146
-1.734693878 -0.9183673469 3.852561474
-1.530612245 -0.9183673469 3.186172485
-1.326530612 -0.9183673469 2.603081942
-1.12244898 -0.9183673469 2.103290081
-0.9183673469 -0.9183673469 1.686797142
-0.7142857143 -0.9183673469 1.353602648
-0.5102040816 -0.9183673469 1.103706837
-0.306122449 -0.9183673469 0.93710953
-0.1020408163 -0.9183673469 0.8538109064
0.1020408163 -0.9183673469 0.8538109064
0.306122449 -0.9183673469 0.93710953
0.5102040816 -0.9183673469 1.103706837
0.7142857143 -0.9183673469 1.353602648
0.9183673469 -0.9183673469 1.686797142
1.12244898 -0.9183673469 2.103290081
1.326530612 -0.9183673469 2.603081942
1.530612245 -0.9183673469 3.186172485
1.734693878 -0.9183673469 3.852561474
1.93877551 -0.9183673469 4.602249146
2.142857143 -0.9183673469 5.435235023
2.346938776 -0.9183673469 6.351520538
2.551020408 -0.9183673469 7.351103783
2.755102041 -0.9183673469 8.433986664
2.959183673 -0.9183673469 9.600166321
3.163265306 -0.9183673469 10.84964561
3.367346939 -0.9183673469 12.18242455
3.571428571 -0.9183673469 13.59850121
3.775510204 -0.9183673469 15.0978775
3.979591837 -0.9183673469 16.68054962
4.183673469 -0.9183673469 18.34652138
4.387755102 -0.9183673469 20.09579277
4.591836735 -0.9183673469 21.92836571
4.795918367 -0.9183673469 23.84423256
5 -0.9183673469 25.84339905

-5 -0.7142857143 25.51020432
-4.795918367 -0.7142857143 23.51103783
-4.591836735 -0.7142857143 21.59517097
-4.387755102 -0.7142857143 19.76259804
-4.183673469 -0.7142857143 18.01332664
-3.979591837 -0.7142857143 16.34735489
-3.775510204 -0.7142857143 14.76468277
-3.571428571 -0.7142857143 13.26530647
-3.367346939 -0.7142857143 11.84922981
-3.163265306 -0.7142857143 10.51645088
-2.959183673 -0.7142857143 9.266972542
-2.755102041 -0.7142857143 8.100791931
-2.551020408 -0.7142857143 7.01790905
-2.346938776 -0.7142857143 6.018325806
-2.142857143 -0.7142857143 5.102040291
-1.93877551 -0.7142857143 4.269054413
-1.734693878 -0.7142857143 3.51936698
-1.530612245 -0.7142857143 2.852977991
-1.326530612 -0.7142857143 2.269887447
-1.12244898 -0.7142857143 1.770095706
-0.9183673469 -0.7142857143 1.353602648
-0.7142857143 -0.7142857143 1.020408154
-0.5102040816 -0.7142857143 0.7705122828
-0.306122449 -0.7142857143 0.6039150357
-0.1020408163 -0.7142857143 0.5206164122
0.1020408163 -0.7142857143 0.5206164122
0.306122449 -0.7142857143 0.6039150357
0.5102040816 -0.7142857143 0.7705122828
0.7142857143 -0.7142857143 1.020408154
0.9183673469 -0.7142857143 1.353602648
1.12244898 -0.7142857143 1.770095706
1.326530612 -0.7142857143 2.269887447
1.530612245 -0.7142857143 2.852977991
1.734693878 -0.7142857143 3.51936698
1.93877551 -0.7142857143 4.269054413
2.142857143 -0.7142857143 5.102040291
2.346938776 -0.7142857143 6.018325806
2.551020408 -0.7142857143 7.01790905
2.755102041 -0.7142857143 8.100791931
2.959183673 -0.7142857143 9.266972542
3.163265306 -0.7142857143 10.51645088
3.367346939 -0.7142857143 11.84922981
3.571428571 -0.7142857143 13.26530647
3.775510204 -0.7142857143 14.76468277
3.979591837 -0.7142857143 16.34735489
4.183673469 -0.7142857143 18.01332664
4.387755102 -0.7142857143 19.76259804
4.591836735 -0.7142857143 21.59517097
4.795918367 -0.7142857143 23.51103783
5 -0.7142857143 25.51020432

-5 -0.5102040816 25.26030731
-4.795918367 -0.5102040816 23.26114082
-4.591836735 -0.5102040816 21.34527397
-4.387755102 -0.5102040816 19.51270103
-4.183673469 -0.5102040816 17.76342964
-3.979591837 -0.5102040816 16.09745979
-3.775510204 -0.5102040816 14.51478672
-3.571428571 -0.5102040816 13.01541042
-3.367346939 -0.5102040816 11.59933376
-3.163265306 -0.5102040816 10.26655483
-2.959183673 -0.5102040816 9.017076492
-2.755102041 -0.5102040816 7.850896358
-2.551020408 -0.5102040816 6.768013477
-2.346938776 -0.5102040816 5.768430233
-2.142857143 -0.5102040816 4.852144718
-1.93877551 -0.5102040816 4.01915884
-1.734693878 -0.5102040816 3.269471169
-1.530612245 -0.5102040816 2.60308218
-1.326530612 -0.5102040816 2.019991636
-1.12244898 -0.5102040816 1.520199776
-0.9183673469 -0.5102040816 1.103706837
-0.7142857143 -0.5102040816 0.7705122828
-0.5102040816 -0.5102040816 0.5206164122
-0.306122449 -0.5102040816 0.354019165
-0.1020408163 -0.5102040816 0.2707205415
0.1020408163 -0.5102040816 0.2707205415
0.306122449 -0.5102040816 0.354019165
0.5102040816 -0.5102040816 0.5206164122
0.7142857143 -0.5102040816 0.7705122828
0.9183673469 -0.5102040816 1.103706837
1.12244898 -0.5102040816 1.520199776
1.326530612 -0.5102040816 2.019991636
1.530612245 -0.5102040816 2.60308218
1.734693878 -0.5102040816 3.269471169
1.93877551 -0.5102040816 4.01915884
2.142857143 -0.5102040816 4.852144718
2.346938776 -0.5102040816 5.768430233
2.551020408 -0.5102040816 6.768013477
2.755102041 -0.5102040816 7.850896358
2.959183673 -0.5102040816 9.017076492
3.163265306 -0.5102040816 10.26655483
3.367346939 -0.5102040816 11.59933376
3.571428571 -0.5102040816 13.01541042
3.775510204 -0.5102040816 14.51478672
3.979591837 -0.5102040816 16.09745979
4.183673469 -0.5102040816 17.76342964
4.387755102 -0.5102040816 19.51270103
4.591836735 -0.5102040816 21.34527397
4.795918367 -0.5102040816 23.26114082
5 -0.5102040816 25.26030731

-5 -0.306122449 25.09371185
-4.795918367 -0.306122449 23.09454536
-4.591836735 -0.306122449 21.17867851
-4.387755102 -0.306122449 19.34610558
-4.183673469 -0.306122449 17.59683418
-3.979591837 -0.306122449 15.93086243
-3.775510204 -0.306122449 14.34818935
-3.571428571 -0.306122449 12.84881306
-3.367346939 -0.306122449 11.4327364
-3.163265306 -0.306122449 10.09995747
-2.959183673 -0.306122449 8.850479126
-2.755102041 -0.306122449 7.684298992
-2.551020408 -0.306122449 6.601416111
-2.346938776 -0.306122449 5.601832867
-2.142857143 -0.306122449 4.685547352
-1.93877551 -0.306122449 3.852561474
-1.734693878 -0.306122449 3.102873802
-1.530612245 -0.306122449 2.436484814
-1.326530612 -0.306122449 1.85339427
-1.12244898 -0.306122449 1.353602648
-0.9183673469 -0.306122449 0.93710953
-0.7142857143 -0.306122449 0.6039150357
-0.5102040816 -0.306122449 0.354019165
-0.306122449 -0.306122449 0.1874219179
-0.1020408163 -0.306122449 0.1041232869
0.1020408163 -0.306122449 0.1041232869
0.306122449 -0.306122449 0.1874219179
0.5102040816 -0.306122449 0.354019165
0.7142857143 -0.306122449 0.6039150357
0.9183673469 -0.306122449 0.93710953
1.12244898 -0.306122449 1.353602648
1.326530612 -0.306122449 1.85339427
1.530612245 -0.306122449 2.436484814
1.734693878 -0.306122449 3.102873802
1.93877551 -0.306122449 3.852561474
2.142857143 -0.306122449 4.685547352
2.346938776 -0.306122449 5.601832867
2.551020408 -0.306122449 6.601416111
2.755102041 -0.306122449 7.684298992
2.959183673 -0.306122449 8.850479126
3.163265306 -0.306122449 10.09995747
3.367346939 -0.306122449 11.4327364
3.571428571 -0.306122449 12.84881306
3.775510204 -0.306122449 14.34818935
3.979591837 -0.306122449 15.93086243
4.183673469 -0.306122449 17.59683418
4.387755102 -0.306122449 19.34610558
4.591836735 -0.306122449 21.17867851
4.795918367 -0.306122449 23.09454536
5 -0.306122449 25.09371185

-5 -0.1020408163 25.01041222
-4.795918367 -0.1020408163 23.01124573
-4.591836735 -0.1020408163 21.09537888
-4.387755102 -0.1020408163 19.26280594
-4.183673469 -0.1020408163 17.51353455
-3.979591837 -0.1020408163 15.84756374
-3.775510204 -0.1020408163 14.26489067
-3.571428571 -0.1020408163 12.76551437
-3.367346939 -0.1020408163 11.34943771
-3.163265306 -0.1020408163 10.01665878
-2.959183673 -0.1020408163 8.767180443
-2.755102041 -0.1020408163 7.601000309
-2.551020408 -0.1020408163 6.518117428
-2.346938776 -0.1020408163 5.518534184
-2.142857143 -0.1020408163 4.602248669
-1.93877551 -0.1020408163 3.769262791
-1.734693878 -0.1020408163 3.019575119
-1.530612245 -0.1020408163 2.353186131
-1.326530612 -0.1020408163 1.770095706
-1.12244898 -0.1020408163 1.270303965
-0.9183673469 -0.1020408163 0.8538109064
-0.7142857143 -0.1020408163 0.5206164122
-0.5102040816 -0.1020408163 0.2707205415
-0.306122449 -0.1020408163 0.1041232869
-0.1020408163 -0.1020408163 0.02082465775
0.1020408163 -0.1020408163 0.02082465775
0.306122449 -0.1020408163 0.1041232869
0.5102040816 -0.1020408163 0.2707205415
0.7142857143 -0.1020408163 0.5206164122
0.9183673469 -0.1020408163 0.8538109064
1.12244898 -0.1020408163 1.270303965
1.326530612 -0.1020408163 1.770095706
1.530612245 -0.1020408163 2.353186131
1.734693878 -0.1020408163 3.019575119
1.93877551 -0.1020408163 3.769262791
2.142857143 -0.1020408163 4.602248669
2.346938776 -0.1020408163 5.518534184
2.551020408 -0.1020408163 6.518117428
2.755102041 -0.1020408163 7.601000309
2.959183673 -0.1020408163 8.767180443
3.163265306 -0.1020408163 10.01665878
3.367346939 -0.1020408163 11.34943771
3.571428571 -0.1020408163 12.76551437
3.775510204 -0.1020408163 14.26489067
3.979591837 -0.1020408163 15.84756374
4.183673469 -0.1020408163 17.51353455
4.387755102 -0.1020408163 19.26280594
4.591836735 -0.1020408163 21.09537888
4.795918367 -0.1020408163 23.01124573
5 -0.1020408163 25.01041222

-5 0.1020408163 25.01041222
-4.795918367 0.1020408163 23.01124573
-4.591836735 0.1020408163 21.09537888
-4.387755102 0.1020408163 19.26280594
-4.183673469 0.1020408163 17.51353455
-3.979591837 0.1020408163 15.84756374
-3.775510204 0.1020408163 14.26489067
-3.571428571 0.1020408163 12.76551437
-3.367346939 0.1020408163 11.34943771
-3.163265306 0.1020408163 10.01665878
-2.959183673 0.1020408163 8.767180443
-2.755102041 0.1020408163 7.601000309
-2.551020408 0.1020408163 6.518117428
-2.346938776 0.1020408163 5.518534184
-2.142857143 0.1020408163 4.602248669
-1.93877551 0.1020408163 3.769262791
-1.734693878 0.1020408163 3.019575119
-1.530612245 0.1020408163 2.353186131
-1.326530612 0.1020408163 1.770095706
-1.12244898 0.1020408163 1.270303965
-0.9183673469 0.1020408163 0.8538109064
-0.7142857143 0.1020408163 0.5206164122
-0.5102040816 0.1020408163 0.2707205415
-0.306122449 0.1020408163 0.1041232869
-0.1020408163 0.1020408163 0.02082465775
0.1020408163 0.1020408163 0.02082465775
0.306122449 0.1020408163 0.1041232869
0.5102040816 0.1020408163 0.2707205415
0.7142857143 0.1020408163 0.5206164122
0.9183673469 0.1020408163 0.8538109064
1.12244898 0.1020408163 1.270303965
1.326530612 0.1020408163 1.770095706
1.530612245 0.1020408163 2.353186131
1.734693878 0.1020408163 3.019575119
1.93877551 0.1020408163 3.769262791
2.142857143 0.1020408163 4.602248669
2.346938776 0.1020408163 5.518534184
2.551020408 0.1020408163 6.518117428
2.755102041 0.1020408163 7.601000309
2.959183673 0.1020408163 8.767180443
3.163265306 0.1020408163 10.01665878
3.367346939 0.1020408163 11.34943771
3.571428571 0.1020408163 12.76551437
3.775510204 0.1020408163 14.26489067
3.979591837 0.1020408163 15.84756374
4.183673469 0.1020408163 17.51353455
4.387755102 0.1020408163 19.26280594
4.591836735 0.1020408163 21.09537888
4.795918367 0.1020408163 23.01124573
5 0.1020408163 25.01041222

-5 0.306122449 25.09371185
-4.795918367 0.306122449 23.09454536
-4.591836735 0.306122449 21.17867851
-4.387755102 0.306122449 19.34610558
-4.183673469 0.306122449 17.59683418
-3.979591837 0.306122449 15.93086243
-3.775510204 0.306122449 14.34818935
-3.571428571 0.306122449 12.84881306
-3.367346939 0.306122449 11.4327364
-3.163265306 0.306122449 10.09995747
-2.959183673 0.306122449 8.850479126
-2.755102041 0.306122449 7.684298992
-2.551020408 0.306122449 6.601416111
-2.346938776 0.306122449 5.601832867
-2.142857143 0.306122449 4.685547352
-1.93877551 0.306122449 3.852561474
-1.734693878 0.306122449 3.102873802
-1.530612245 0.306122449 2.436484814
-1.326530612 0.306122449 1.85339427
-1.12244898 0.306122449 1.353602648
-0.9183673469 0.306122449 0.93710953
-0.7142857143 0.306122449 0.6039150357
-0.5102040816 0.306122449 0.354019165
-0.306122449 0.306122449 0.1874219179
-0.1020408163 0.306122449 0.1041232869
0.1020408163 0.306122449 0.1041232869
0.306122449 0.306122449 0.1874219179
0.5102040816 0.306122449 0.354019165
0.7142857143 0.306122449 0.6039150357
0.9183673469 0.306122449 0.93710953
1.12244898 0.306122449 1.353602648
1.326530612 0.306122449 1.85339427
1.530612245 0.306122449 2.436484814
1.734693878 0.306122449 3.102873802
1.93877551 0.306122449 3.852561474
2.142857143 0.306122449 4.685547352
2.346938776 0.306122449 5.601832867
2.551020408 0.306122449 6.601416111
2.755102041 0.306122449 7.684298992
2.959183673 0.306122449 8.850479126
3.163265306 0.306122449 10.09995747
3.367346939 0.306122449 11.4327364
3.571428571 0.306122449 12.84881306
3.775510204 0.306122449 14.34818935
3.979591837 0.306122449 15.93086243
4.183673469 0.306122449 17.59683418
4.387755102 0.306122449 19.34610558
4.591836735 0.306122449 21.17867851
4.795918367 0.306122449 23.09454536
5 0.306122449 25.09371185

-5 0.5102040816 25.26030731
-4.795918367 0.5102040816 23.26114082
-4.591836735 0.5102040816 21.34527397
-4.387755102 0.5102040816 19.51270103
-4.183673469 0.5102040816 17.76342964
-3.979591837 0.5102040816 16.09745979
-3.775510204 0.5102040816 14.51478672
-3.571428571 0.5102040816 13.01541042
-3.367346939 0.5102040816 11.59933376
-3.163265306 0.5102040816 10.26655483
-2.959183673 0.5102040816 9.017076492
-2.755102041 0.5102040816 7.850896358
-2.551020408 0.5102040816 6.768013477
-2.346938776 0.5102040816 5.768430233
-2.142857143 0.5102040816 4.852144718
-1.93877551 0.5102040816 4.01915884
-1.734693878 0.5102040816 3.269471169
-1.530612245 0.5102040816 2.60308218
-1.326530612 0.5102040816 2.019991636
-1.12244898 0.5102040816 1.520199776
-0.9183673469 0.5102040816 1.103706837
-0.7142857143 0.5102040816 0.7705122828
-0.5102040816 0.5102040816 0.5206164122
-0.306122449 0.5102040816 0.354019165
-0.1020408163 0.5102040816 0.2707205415
0.1020408163 0.5102040816 0.2707205415
0.306122449 0.5102040816 0.354019165
0.5102040816 0.5102040816 0.5206164122
0.7142857143 0.5102040816 0.7705122828
0.9183673469 0.5102040816 1.103706837
1.12244898 0.5102040816 1.520199776
1.326530612 0.5102040816 2.019991636
1.530612245 0.5102040816 2.60308218
1.734693878 0.5102040816 3.269471169
1.93877551 0.5102040816 4.01915884
2.142857143 0.5102040816 4.852144718
2.346938776 0.5102040816 5.768430233
2.551020408 0.5102040816 6.768013477
2.755102041 0.5102040816 7.850896358
2.959183673 0.5102040816 9.017076492
3.163265306 0.5102040816 10.26655483
3.367346939 0.5102040816 11.59933376
3.571428571 0.5102040816 13.01541042
3.775510204 0.5102040816 14.51478672
3.979591837 0.5102040816 16.09745979
4.183673469 0.5102040816 17.76342964
4.387755102 0.5102040816 19.51270103
4.591836735 0.5102040816 21.34527397
4.795918367 0.5102040816 23.26114082
5 0.5102040816 25.26030731

-5 0.7142857143 25.51020432
-4.795918367 0.7142857143 23.51103783
-4.591836735 0.7142857143 21.59517097
-4.387755102 0.7142857143 19.76259804
-4.183673469 0.7142857143 18.01332664
-3.979591837 0.7142857143 16.34735489
-3.775510204 0.7142857143 14.76468277
-3.571428571 0.7142857143 13.26530647
-3.367346939 0.7142857143 11.84922981
-3.163265306 0.7142857143 10.51645088
-2.959183673 0.7142857143 9.266972542
-2.755102041 0.7142857143 8.100791931
-2.551020408 0.7142857143 7.01790905
-2.346938776 0.7142857143 6.018325806
-2.142857143 0.7142857143 5.102040291
-1.93877551 0.7142857143 4.269054413
-1.734693878 0.7142857143 3.51936698
-1.530612245 0.7142857143 2.852977991
-1.326530612 0.7142857143 2.269887447
-1.12244898 0.7142857143 1.770095706
-0.9183673469 0.7142857143 1.353602648
-0.7142857143 0.7142857143 1.020408154
-0.5102040816 0.7142857143 0.7705122828
-0.306122449 0.7142857143 0.6039150357
-0.1020408163 0.7142857143 0.5206164122
0.1020408163 0.7142857143 0.5206164122
0.306122449 0.7142857143 0.6039150357
0.5102040816 0.7142857143 0.7705122828
0.7142857143 0.7142857143 1.020408154
0.9183673469 0.7142857143 1.353602648
1.12244898 0.7142857143 1.770095706
1.326530612 0.7142857143 2.269887447
1.530612245 0.7142857143 2.852977991
1.734693878 0.7142857143 3.51936698
1.93877551 0.7142857143 4.269054413
2.142857143 0.7142857143 5.102040291
2.346938776 0.7142857143 6.018325806
2.551020408 0.7142857143 7.01790905
2.755102041 0.7142857143 8.100791931
2.959183673 0.7142857143 9.266972542
3.163265306 0.7142857143 10.51645088
3.367346939 0.7142857143 11.84922981
3.571428571 0.7142857143 13.26530647
3.775510204 0.7142857143 14.76468277
3.979591837 0.7142857143 16.34735489
4.183673469 0.7142857143 18.01332664
4.387755102 0.7142857143 19.76259804
4.591836735 0.7142857143 21.59517097
4.795918367 0.7142857143 23.51103783
5 0.7142857143 25.51020432

-5 0.9183673469 25.84339905
-4.795918367 0.9183673469 23.84423256
-4.591836735 0.9183673469 21.92836571
-4.387755102 0.9183673469 20.09579277
-4.183673469 0.9183673469 18.34652138
-3.979591837 0.9183673469 16.68054962
-3.775510204 0.9183673469 15.0978775
-3.571428571 0.9183673469 13.59850121
-3.367346939 0.9183673469 12.18242455
-3.163265306 0.9183673469 10.84964561
-2.959183673 0.9183673469 9.600166321
-2.755102041 0.9183673469 8.433986664
-2.551020408 0.9183673469 7.351103783
-2.346938776 0.9183673469 6.351520538
-2.142857143 0.9183673469 5.435235023
-1.93877551 0.9183673469 4.602249146
-1.734693878 0.9183673469 3.852561474
-1.530612245 0.9183673469 3.186172485
-1.326530612 0.9183673469 2.603081942
-1.12244898 0.9183673469 2.103290081
-0.9183673469 0.9183673469 1.686797142
-0.7142857143 0.9183673469 1.353602648
-0.5102040816 0.9183673469 1.103706837
-0.306122449 0.9183673469 0.93710953
-0.1020408163 0.9183673469 0.8538109064
0.1020408163 0.9183673469 0.8538109064
0.306122449 0.9183673469 0.93710953
0.5102040816 0.9183673469 1.103706837
0.7142857143 0.9183673469 1.353602648
0.9183673469 0.9183673469 1.686797142
1.12244898 0.9183673469 2.103290081
1.326530612 0.9183673469 2.603081942
1.530612245 0.9183673469 3.186172485
1.734693878 0.9183673469 3.852561474
1.93877551 0.9183673469 4.602249146
2.142857143 0.9183673469 5.435235023
2.346938776 0.9183673469 6.351520538
2.551020408 0.9183673469 7.351103783
2.755102041 0.9183673469 8.433986664
2.959183673 0.9183673469 9.600166321
3.163265306 0.9183673469 10.84964561
3.367346939 0.9183673469 12.18242455
3.571428571 0.9183673469 13.59850121
3.775510204 0.9183673469 15.0978775
3.979591837 0.9183673469 16.68054962
4.183673469 0.9183673469 18.34652138
4.387755102 0.9183673469 20.09579277
4.591836735 0.9183673469 21.92836571
4.795918367 0.9183673469 23.84423256
5 0.9183673469 25.84339905

-5 1.12244898 26.25989151
-4.795918367 1.12244898 24.26072502
-4.591836735 1.12244898 22.34485817
-4.387755102 1.12244898 20.51228523
-4.183673469 1.12244898 18.76301384
-3.979591837 1.12244898 17.09704399
-3.775510204 1.12244898 15.51436996
-3.571428571 1.12244898 14.01499367
-3.367346939 1.12244898 12.59891701
-3.163265306 1.12244898 11.26613808
-2.959183673 1.12244898 10.01665974
-2.755102041 1.12244898 8.85048008
-2.551020408 1.12244898 7.767596722
-2.346938776 1.12244898 6.768013477
-2.142857143 1.12244898 5.851727962
-1.93877551 1.12244898 5.018742085
-1.734693878 1.12244898 4.269054413
-1.530612245 1.12244898 3.602665424
-1.326530612 1.12244898 3.019575119
-1.12244898 1.12244898 2.519783258
-0.9183673469 1.12244898 2.103290081
-0.7142857143 1.12244898 1.770095706
-0.5102040816 1.12244898 1.520199776
-0.306122449 1.12244898 1.353602648
-0.1020408163 1.12244898 1.270303965
0.1020408163 1.12244898 1.270303965
0.306122449 1.12244898 1.353602648
0.5102040816 1.12244898 1.520199776
0.7142857143 1.12244898 1.770095706
0.9183673469 1.12244898 2.103290081
1.12244898 1.12244898 2.519783258
1.326530612 1.12244898 3.019575119
1.530612245 1.12244898 3.602665424
1.734693878 1.12244898 4.269054413
1.93877551 1.12244898 5.018742085
2.142857143 1.12244898 5.851727962
2.346938776 1.12244898 6.768013477
2.551020408 1.12244898 7.767596722
2.755102041 1.12244898 8.85048008
2.959183673 1.12244898 10.01665974
3.163265306 1.12244898 11.26613808
3.367346939 1.12244898 12.59891701
3.571428571 1.12244898 14.01499367
3.775510204 1.12244898 15.51436996
3.979591837 1.12244898 17.09704399
4.183673469 1.12244898 18.76301384
4.387755102 1.12244898 20.51228523
4.591836735 1.12244898 22.34485817
4.795918367 1.12244898 24.26072502
5 1.12244898 26.25989151

-5 1.326530612 26.75968361
-4.795918367 1.326530612 24.76051712
-4.591836735 1.326530612 22.84465027
-4.387755102 1.326530612 21.01207733
-4.183673469 1.326530612 19.26280594
-3.979591837 1.326530612 17.59683418
-3.775510204 1.326530612 16.01416206
-3.571428571 1.326530612 14.51478577
-3.367346939 1.326530612 13.09870911
-3.163265306 1.326530612 11.76593018
-2.959183673 1.326530612 10.51645184
-2.755102041 1.326530612 9.350271225
-2.551020408 1.326530612 8.267388344
-2.346938776 1.326530612 7.267805099
-2.142857143 1.326530612 6.351519585
-1.93877551 1.326530612 5.518533707
-1.734693878 1.326530612 4.768846512
-1.530612245 1.326530612 4.102457047
-1.326530612 1.326530612 3.519366741
-1.12244898 1.326530612 3.019575119
-0.9183673469 1.326530612 2.603081942
-0.7142857143 1.326530612 2.269887447
-0.5102040816 1.326530612 2.019991636
-0.306122449 1.326530612 1.85339427
-0.1020408163 1.326530612 1.770095706
0.1020408163 1.326530612 1.770095706
0.306122449 1.326530612 1.85339427
0.5102040816 1.326530612 2.019991636
0.7142857143 1.326530612 2.269887447
0.9183673469 1.326530612 2.603081942
1.12244898 1.326530612 3.019575119
1.326530612 1.326530612 3.519366741
1.530612245 1.326530612 4.102457047
1.734693878 1.326530612 4.768846512
1.93877551 1.326530612 5.518533707
2.142857143 1.326530612 6.351519585
2.346938776 1.326530612 7.267805099
2.551020408 1.326530612 8.267388344
2.755102041 1.326530612 9.350271225
2.959183673 1.326530612 10.51645184
3.163265306 1.326530612 11.76593018
3.367346939 1.326530612 13.09870911
3.571428571 1.326530612 14.51478577
3.775510204 1.326530612 16.01416206
3.979591837 1.326530612 17.59683418
4.183673469 1.326530612 19.26280594
4.387755102 1.326530612 21.01207733
4.591836735 1.326530612 22.84465027
4.795918367 1.326530612 24.76051712
5 1.326530612 26.75968361

-5 1.530612245 27.34277344
-4.795918367 1.530612245 25.34360695
-4.591836735 1.530612245 23.4277401
-4.387755102 1.530612245 21.59516716
-4.183673469 1.530612245 19.84589577
-3.979591837 1.530612245 18.17992592
-3.775510204 1.530612245 16.59725189
-3.571428571 1.530612245 15.0978756
-3.367346939 1.530612245 13.68179893
-3.163265306 1.530612245 12.34902
-2.959183673 1.530612245 11.09954262
-2.755102041 1.530612245 9.933362007
-2.551020408 1.530612245 8.850479126
-2.346938776 1.530612245 7.850895882
-2.142857143 1.530612245 6.934610367
-1.93877551 1.530612245 6.101624489
-1.734693878 1.530612245 5.351936817
-1.530612245 1.530612245 4.685547829
-1.326530612 1.530612245 4.102457047
-1.12244898 1.530612245 3.602665424
-0.9183673469 1.530612245 3.186172485
-0.7142857143 1.530612245 2.852977991
-0.5102040816 1.530612245 2.60308218
-0.306122449 1.530612245 2.436484814
-0.1020408163 1.530612245 2.353186131
0.1020408163 1.530612245 2.353186131
0.306122449 1.530612245 2.436484814
0.5102040816 1.530612245 2.60308218
0.7142857143 1.530612245 2.852977991
0.9183673469 1.530612245 3.186172485
1.12244898 1.530612245 3.602665424
1.326530612 1.530612245 4.102457047
1.530612245 1.530612245 4.685547829
1.734693878 1.530612245 5.351936817
1.93877551 1.530612245 6.101624489
2.142857143 1.530612245 6.934610367
2.346938776 1.530612245 7.850895882
2.551020408 1.530612245 8.850479126
2.755102041 1.530612245 9.933362007
2.959183673 1.530612245 11.09954262
3.163265306 1.530612245 12.34902
3.367346939 1.530612245 13.68179893
3.571428571 1.530612245 15.0978756
3.775510204 1.530612245 16.59725189
3.979591837 1.530612245 18.17992592
4.183673469 1.530612245 19.84589577
4.387755102 1.530612245 21.59516716
4.591836735 1.530612245 23.4277401
4.795918367 1.530612245 25.34360695
5 1.530612245 27.34277344

-5 1.734693878 28.0091629
-4.795918367 1.734693878 26.00999641
-4.591836735 1.734693878 24.09412956
-4.387755102 1.734693878 22.26155663
-4.183673469 1.734693878 20.51228523
-3.979591837 1.734693878 18.84631348
-3.775510204 1.734693878 17.26364136
-3.571428571 1.734693878 15.76426506
-3.367346939 1.734693878 14.3481884
-3.163265306 1.734693878 13.01540947
-2.959183673 1.734693878 11.76593113
-2.755102041 1.734693878 10.59975052
-2.551020408 1.734693878 9.516868591
-2.346938776 1.734693878 8.517284393
-2.142857143 1.734693878 7.600999355
-1.93877551 1.734693878 6.768013477
-1.734693878 1.734693878 6.018325806
-1.530612245 1.734693878 5.351936817
-1.326530612 1.734693878 4.768846512
-1.12244898 1.734693878 4.269054413
-0.9183673469 1.734693878 3.852561474
-0.7142857143 1.734693878 3.51936698
-0.5102040816 1.734693878 3.269471169
-0.306122449 1.734693878 3.102873802
-0.1020408163 1.734693878 3.019575119
0.1020408163 1.734693878 3.019575119
0.306122449 1.734693878 3.102873802
0.5102040816 1.734693878 3.269471169
0.7142857143 1.734693878 3.51936698
0.9183673469 1.734693878 3.852561474
1.12244898 1.734693878 4.269054413
1.326530612 1.734693878 4.768846512
1.530612245 1.734693878 5.351936817
1.734693878 1.734693878 6.018325806
1.93877551 1.734693878 6.768013477
2.142857143 1.734693878 7.600999355
2.346938776 1.734693878 8.517284393
2.551020408 1.734693878 9.516868591
2.755102041 1.734693878 10.59975052
2.959183673 1.734693878 11.76593113
3.163265306 1.734693878 13.01540947
3.367346939 1.734693878 14.3481884
3.571428571 1.734693878 15.76426506
3.775510204 1.734693878 17.26364136
3.979591837 1.734693878 18.84631348
4.183673469 1.734693878 20.51228523
4.387755102 1.734693878 22.26155663
4.591836735 1.734693878 24.09412956
4.795918367 1.734693878 26.00999641
5 1.734693878 28.0091629

-5 1.93877551 28.7588501
-4.795918367 1.93877551 26.75968361
-4.591836735 1.93877551 24.84381676
-4.387755102 1.93877551 23.01124382
-4.183673469 1.93877551 21.26197243
-3.979591837 1.93877551 19.59600258
-3.775510204 1.93877551 18.01332855
-3.571428571 1.93877551 16.51395226
-3.367346939 1.93877551 15.0978756
-3.163265306 1.93877551 13.76509666
-2.959183673 1.93877551 12.51561928
-2.755102041 1.93877551 11.34943867
-2.551020408 1.93877551 10.26655579
-2.346938776 1.93877551 9.266972542
-2.142857143 1.93877551 8.350687027
-1.93877551 1.93877551 7.517701149
-1.734693878 1.93877551 6.768013477
-1.530612245 1.93877551 6.101624489
-1.326530612 1.93877551 5.518533707
-1.12244898 1.93877551 5.018742085
-0.9183673469 1.93877551 4.602249146
-0.7142857143 1.93877551 4.269054413
-0.5102040816 1.93877551 4.01915884
-0.306122449 1.93877551 3.852561474
-0.1020408163 1.93877551 3.769262791
0.1020408163 1.93877551 3.769262791
0.306122449 1.93877551 3.852561474
0.5102040816 1.93877551 4.01915884
0.7142857143 1.93877551 4.269054413
0.9183673469 1.93877551 4.602249146
1.12244898 1.93877551 5.018742085
1.326530612 1.93877551 5.518533707
1.530612245 1.93877551 6.101624489
1.734693878 1.93877551 6.768013477
1.93877551 1.93877551 7.517701149
2.142857143 1.93877551 8.350687027
2.346938776 1.93877551 9.266972542
2.551020408 1.93877551 10.26655579
2.755102041 1.93877551 11.34943867
2.959183673 1.93877551 12.51561928
3.163265306 1.93877551 13.76509666
3.367346939 1.93877551 15.0978756
3.571428571 1.93877551 16.51395226
3.775510204 1.93877551 18.01332855
3.979591837 1.93877551 19.59600258
4.183673469 1.93877551 21.26197243
4.387755102 1.93877551 23.01124382
4.591836735 1.93877551 24.84381676
4.795918367 1.93877551 26.75968361
5 1.93877551 28.7588501

-5 2.142857143 29.59183693
-4.795918367 2.142857143 27.59267044
-4.591836735 2.142857143 25.67680359
-4.387755102 2.142857143 23.84423065
-4.183673469 2.142857143 22.09495926
-3.979591837 2.142857143 20.4289875
-3.775510204 2.142857143 18.84631538
-3.571428571 2.142857143 17.34693909
-3.367346939 2.142857143 15.93086243
-3.163265306 2.142857143 14.5980835
-2.959183673 2.142857143 13.3486042
-2.755102041 2.142857143 12.18242455
-2.551020408 2.142857143 11.09954166
-2.346938776 2.142857143 10.09995842
-2.142857143 2.142857143 9.183672905
-1.93877551 2.142857143 8.350687027
-1.734693878 2.142857143 7.600999355
-1.530612245 2.142857143 6.934610367
-1.326530612 2.142857143 6.351519585
-1.12244898 2.142857143 5.851727962
-0.9183673469 2.142857143 5.435235023
-0.7142857143 2.142857143 5.102040291
-0.5102040816 2.142857143 4.852144718
-0.306122449 2.142857143 4.685547352
-0.1020408163 2.142857143 4.602248669
0.1020408163 2.142857143 4.602248669
0.306122449 2.142857143 4.685547352
0.5102040816 2.142857143 4.852144718
0.7142857143 2.142857143 5.102040291
0.9183673469 2.142857143 5.435235023
1.12244898 2.142857143 5.851727962
1.326530612 2.142857143 6.351519585
1.530612245 2.142857143 6.934610367
1.734693878 2.142857143 7.600999355
1.93877551 2.142857143 8.350687027
2.142857143 2.142857143 9.183672905
2.346938776 2.142857143 10.09995842
2.551020408 2.142857143 11.09954166
2.755102041 2.142857143 12.18242455
2.959183673 2.142857143 13.3486042
3.163265306 2.142857143 14.5980835
3.367346939 2.142857143 15.93086243
3.571428571 2.142857143 17.34693909
3.775510204 2.142857143 18.84631538
3.979591837 2.142857143 20.4289875
4.183673469 2.142857143 22.09495926
4.387755102 2.142857143 23.84423065
4.591836735 2.142857143 25.67680359
4.795918367 2.142857143 27.59267044
5 2.142857143 29.59183693

-5 2.346938776 30.50812149
-4.795918367 2.346938776 28.508955
-4.591836735 2.346938776 26.59308815
-4.387755102 2.346938776 24.76051521
-4.183673469 2.346938776 23.01124382
-3.979591837 2.346938776 21.34527397
-3.775510204 2.346938776 19.76259995
-3.571428571 2.346938776 18.26322365
-3.367346939 2.346938776 16.84714699
-3.163265306 2.346938776 15.51436806
-2.959183673 2.346938776 14.26489067
-2.755102041 2.346938776 13.09871006
-2.551020408 2.346938776 12.01582718
-2.346938776 2.346938776 11.01624393
-2.142857143 2.346938776 10.09995842
-1.93877551 2.346938776 9.266972542
-1.734693878 2.346938776 8.517284393
-1.530612245 2.346938776 7.850895882
-1.326530612 2.346938776 7.267805099
-1.12244898 2.346938776 6.768013477
-0.9183673469 2.346938776 6.351520538
-0.7142857143 2.346938776 6.018325806
-0.5102040816 2.346938776 5.768430233
-0.306122449 2.346938776 5.601832867
-0.1020408163 2.346938776 5.518534184
0.1020408163 2.346938776 5.518534184
0.306122449 2.346938776 5.601832867
0.5102040816 2.346938776 5.768430233
0.7142857143 2.346938776 6.018325806
0.9183673469 2.346938776 6.351520538
1.12244898 2.346938776 6.768013477
1.326530612 2.346938776 7.267805099
1.530612245 2.346938776 7.850895882
1.734693878 2.346938776 8.517284393
1.93877551 2.346938776 9.266972542
2.142857143 2.346938776 10.09995842
2.346938776 2.346938776 11.01624393
2.551020408 2.346938776 12.01582718
2.755102041 2.346938776 13.09871006
2.959183673 2.346938776 14.26489067
3.163265306 2.346938776 15.51436806
3.367346939 2.346938776 16.84714699
3.571428571 2.346938776 18.26322365
3.775510204 2.346938776 19.76259995
3.979591837 2.346938776 21.34527397
4.183673469 2.346938776 23.01124382
4.387755102 2.346938776 24.76051521
4.591836735 2.346938776 26.59308815
4.795918367 2.346938776 28.508955
5 2.346938776 30.50812149

-5 2.551020408 31.50770569
-4.795918367 2.551020408 29.5085392
-4.591836735 2.551020408 27.59267235
-4.387755102 2.551020408 25.76009941
-4.183673469 2.551020408 24.01082802
-3.979591837 2.551020408 22.34485626
-3.775510204 2.551020408 20.76218414
-3.571428571 2.551020408 19.26280785
-3.367346939 2.551020408 17.84673119
-3.163265306 2.551020408 16.51395226
-2.959183673 2.551020408 15.26447296
-2.755102041 2.551020408 14.0982933
-2.551020408 2.551020408 13.01541042
-2.346938776 2.551020408 12.01582718
-2.142857143 2.551020408 11.09954166
-1.93877551 2.551020408 10.26655579
-1.734693878 2.551020408 9.516868591
-1.530612245 2.551020408 8.850479126
-1.326530612 2.551020408 8.267388344
-1.12244898 2.551020408 7.767596722
-0.9183673469 2.551020408 7.351103783
-0.7142857143 2.551020408 7.01790905
-0.5102040816 2.551020408 6.768013477
-0.306122449 2.551020408 6.601416111
-0.1020408163 2.551020408 6.518117428
0.1020408163 2.551020408 6.518117428
0.306122449 2.551020408 6.601416111
0.5102040816 2.551020408 6.768013477
0.7142857143 2.551020408 7.01790905
0.9183673469 2.551020408 7.351103783
1.12244898 2.551020408 7.767596722
1.326530612 2.551020408 8.267388344
1.530612245 2.551020408 8.850479126
1.734693878 2.551020408 9.516868591
1.93877551 2.551020408 10.26655579
2.142857143 2.551020408 11.09954166
2.346938776 2.551020408 12.01582718
2.551020408 2.551020408 13.01541042
2.755102041 2.551020408 14.0982933
2.959183673 2.551020408 15.26447296
3.163265306 2.551020408 16.51395226
3.367346939 2.551020408 17.84673119
3.571428571 2.551020408 19.26280785
3.775510204 2.551020408 20.76218414
3.979591837 2.551020408 22.34485626
4.183673469 2.551020408 24.01082802
4.387755102 2.551020408 25.76009941
4.591836735 2.551020408 27.59267235
4.795918367 2.551020408 29.5085392
5 2.551020408 31.50770569

-5 2.755102041 32.59058762
-4.795918367 2.755102041 30.59142113
-4.591836735 2.755102041 28.67555428
-4.387755102 2.755102041 26.84298134
-4.183673469 2.755102041 25.09370995
-3.979591837 2.755102041 23.4277401
-3.775510204 2.755102041 21.84506607
-3.571428571 2.755102041 20.34568977
-3.367346939 2.755102041 18.92961311
-3.163265306 2.755102041 17.59683418
-2.959183673 2.755102041 16.3473568
-2.755102041 2.755102041 15.18117619
-2.551020408 2.755102041 14.0982933
-2.346938776 2.755102041 13.09871006
-2.142857143 2.755102041 12.18242455
-1.93877551 2.755102041 11.34943867
-1.734693878 2.755102041 10.59975052
-1.530612245 2.755102041 9.933362007
-1.326530612 2.755102041 9.350271225
-1.12244898 2.755102041 8.85048008
-0.9183673469 2.755102041 8.433986664
-0.7142857143 2.755102041 8.100791931
-0.5102040816 2.755102041 7.850896358
-0.306122449 2.755102041 7.684298992
-0.1020408163 2.755102041 7.601000309
0.1020408163 2.755102041 7.601000309
0.306122449 2.755102041 7.684298992
0.5102040816 2.755102041 7.850896358
0.7142857143 2.755102041 8.100791931
0.9183673469 2.755102041 8.433986664
1.12244898 2.755102041 8.85048008
1.326530612 2.755102041 9.350271225
1.530612245 2.755102041 9.933362007
1.734693878 2.755102041 10.59975052
1.93877551 2.755102041 11.34943867
2.142857143 2.755102041 12.18242455
2.346938776 2.755102041 13.09871006
2.551020408 2.755102041 14.0982933
2.755102041 2.755102041 15.18117619
2.959183673 2.755102041 16.3473568
3.163265306 2.755102041 17.59683418
3.367346939 2.755102041 18.92961311
3.571428571 2.755102041 20.34568977
3.775510204 2.755102041 21.84506607
3.979591837 2.755102041 23.4277401
4.183673469 2.755102041 25.09370995
4.387755102 2.755102041 26.84298134
4.591836735 2.755102041 28.67555428
4.795918367 2.755102041 30.59142113
5 2.755102041 32.59058762

-5 2.959183673 33.75676727
-4.795918367 2.959183673 31.75760269
-4.591836735 2.959183673 29.84173584
-4.387755102 2.959183673 28.0091629
-4.183673469 2.959183673 26.25989151
-3.979591837 2.959183673 24.59391975
-3.775510204 2.959183673 23.01124573
-3.571428571 2.959183673 21.51187134
-3.367346939 2.959183673 20.09579468
-3.163265306 2.959183673 18.76301575
-2.959183673 2.959183673 17.51353645
-2.755102041 2.959183673 16.3473568
-2.551020408 2.959183673 15.26447296
-2.346938776 2.959183673 14.26489067
-2.142857143 2.959183673 13.3486042
-1.93877551 2.959183673 12.51561928
-1.734693878 2.959183673 11.76593113
-1.530612245 2.959183673 11.09954262
-1.326530612 2.959183673 10.51645184
-1.12244898 2.959183673 10.01665974
-0.9183673469 2.959183673 9.600166321
-0.7142857143 2.959183673 9.266972542
-0.5102040816 2.959183673 9.017076492
-0.306122449 2.959183673 8.850479126
-0.1020408163 2.959183673 8.767180443
0.1020408163 2.959183673 8.767180443
0.306122449 2.959183673 8.850479126
0.5102040816 2.959183673 9.017076492
0.7142857143 2.959183673 9.266972542
0.9183673469 2.959183673 9.600166321
1.12244898 2.959183673 10.01665974
1.326530612 2.959183673 10.51645184
1.530612245 2.959183673 11.09954262
1.734693878 2.959183673 11.76593113
1.93877551 2.959183673 12.51561928
2.142857143 2.959183673 13.3486042
2.346938776 2.959183673 14.26489067
2.551020408 2.959183673 15.26447296
2.755102041 2.959183673 16.3473568
2.959183673 2.959183673 17.51353645
3.163265306 2.959183673 18.76301575
3.367346939 2.959183673 20.09579468
3.571428571 2.959183673 21.51187134
3.775510204 2.959183673 23.01124573
3.979591837 2.959183673 24.59391975
4.183673469 2.959183673 26.25989151
4.387755102 2.959183673 28.0091629
4.591836735 2.959183673 29.84173584
4.795918367 2.959183673 31.75760269
5 2.959183673 33.75676727

-5 3.163265306 35.00624847
-4.795918367 3.163265306 33.00708008
-4.591836735 3.163265306 31.09121323
-4.387755102 3.163265306 29.25864029
-4.183673469 3.163265306 27.5093689
-3.979591837 3.163265306 25.84339905
-3.775510204 3.163265306 24.26072502
-3.571428571 3.163265306 22.76134872
-3.367346939 3.163265306 21.34527206
-3.163265306 3.163265306 20.01249313
-2.959183673 3.163265306 18.76301575
-2.755102041 3.163265306 17.59683418
-2.551020408 3.163265306 16.51395226
-2.346938776 3.163265306 15.51436806
-2.142857143 3.163265306 14.5980835
-1.93877551 3.163265306 13.76509666
-1.734693878 3.163265306 13.01540947
-1.530612245 3.163265306 12.34902
-1.326530612 3.163265306 11.76593018
-1.12244898 3.163265306 11.26613808
-0.9183673469 3.163265306 10.84964561
-0.7142857143 3.163265306 10.51645088
-0.5102040816 3.163265306 10.26655483
-0.306122449 3.163265306 10.09995747
-0.1020408163 3.163265306 10.01665878
0.1020408163 3.163265306 10.01665878
0.306122449 3.163265306 10.09995747
0.5102040816 3.163265306 10.26655483
0.7142857143 3.163265306 10.51645088
0.9183673469 3.163265306 10.84964561
1.12244898 3.163265306 11.26613808
1.326530612 3.163265306 11.76593018
1.530612245 3.163265306 12.34902
1.734693878 3.163265306 13.01540947
1.93877551 3.163265306 13.76509666
2.142857143 3.163265306 14.5980835
2.346938776 3.163265306 15.51436806
2.551020408 3.163265306 16.51395226
2.755102041 3.163265306 17.59683418
2.959183673 3.163265306 18.76301575
3.163265306 3.163265306 20.01249313
3.367346939 3.163265306 21.34527206
3.571428571 3.163265306 22.76134872
3.775510204 3.163265306 24.26072502
3.979591837 3.163265306 25.84339905
4.183673469 3.163265306 27.5093689
4.387755102 3.163265306 29.25864029
4.591836735 3.163265306 31.09121323
4.795918367 3.163265306 33.00708008
5 3.163265306 35.00624847

-5 3.367346939 36.3390274
-4.795918367 3.367346939 34.33985901
-4.591836735 3.367346939 32.42399216
-4.387755102 3.367346939 30.59141922
-4.183673469 3.367346939 28.84214783
-3.979591837 3.367346939 27.17617798
-3.775510204 3.367346939 25.59350395
-3.571428571 3.367346939 24.09412766
-3.367346939 3.367346939 22.67805099
-3.163265306 3.367346939 21.34527206
-2.959183673 3.367346939 20.09579468
-2.755102041 3.367346939 18.92961311
-2.551020408 3.367346939 17.84673119
-2.346938776 3.367346939 16.84714699
-2.142857143 3.367346939 15.93086243
-1.93877551 3.367346939 15.0978756
-1.734693878 3.367346939 14.3481884
-1.530612245 3.367346939 13.68179893
-1.326530612 3.367346939 13.09870911
-1.12244898 3.367346939 12.59891701
-0.9183673469 3.367346939 12.18242455
-0.7142857143 3.367346939 11.84922981
-0.5102040816 3.367346939 11.59933376
-0.306122449 3.367346939 11.4327364
-0.1020408163 3.367346939 11.34943771
0.1020408163 3.367346939 11.34943771
0.306122449 3.367346939 11.4327364
0.5102040816 3.367346939 11.59933376
0.7142857143 3.367346939 11.84922981
0.9183673469 3.367346939 12.18242455
1.12244898 3.367346939 12.59891701
1.326530612 3.367346939 13.09870911
1.530612245 3.367346939 13.68179893
1.734693878 3.367346939 14.3481884
1.93877551 3.367346939 15.0978756
2.142857143 3.367346939 15.93086243
2.346938776 3.367346939 16.84714699
2.551020408 3.367346939 17.84673119
2.755102041 3.367346939 18.92961311
2.959183673 3.367346939 20.09579468
3.163265306 3.367346939 21.34527206
3.367346939 3.367346939 22.67805099
3.571428571 3.367346939 24.09412766
3.775510204 3.367346939 25.59350395
3.979591837 3.367346939 27.17617798
4.183673469 3.367346939 28.84214783
4.387755102 3.367346939 30.59141922
4.591836735 3.367346939 32.42399216
4.795918367 3.367346939 34.33985901
5 3.367346939 36.3390274

-5 3.571428571 37.75510406
-4.795918367 3.571428571 35.75593567
-4.591836735 3.571428571 33.84006882
-4.387755102 3.571428571 32.00749588
-4.183673469 3.571428571 30.25822449
-3.979591837 3.571428571 28.59225464
-3.775510204 3.571428571 27.00958061
-3.571428571 3.571428571 25.51020432
-3.367346939 3.571428571 24.09412766
-3.163265306 3.571428571 22.76134872
-2.959183673 3.571428571 21.51187134
-2.755102041 3.571428571 20.34568977
-2.551020408 3.571428571 19.26280785
-2.346938776 3.571428571 18.26322365
-2.142857143 3.571428571 17.34693909
-1.93877551 3.571428571 16.51395226
-1.734693878 3.571428571 15.76426506
-1.530612245 3.571428571 15.0978756
-1.326530612 3.571428571 14.51478577
-1.12244898 3.571428571 14.01499367
-0.9183673469 3.571428571 13.59850121
-0.7142857143 3.571428571 13.26530647
-0.5102040816 3.571428571 13.01541042
-0.306122449 3.571428571 12.84881306
-0.1020408163 3.571428571 12.76551437
0.1020408163 3.571428571 12.76551437
0.306122449 3.571428571 12.84881306
0.5102040816 3.571428571 13.01541042
0.7142857143 3.571428571 13.26530647
0.9183673469 3.571428571 13.59850121
1.12244898 3.571428571 14.01499367
1.326530612 3.571428571 14.51478577
1.530612245 3.571428571 15.0978756
1.734693878 3.571428571 15.76426506
1.93877551 3.571428571 16.51395226
2.142857143 3.571428571 17.34693909
2.346938776 3.571428571 18.26322365
2.551020408 3.571428571 19.26280785
2.755102041 3.571428571 20.34568977
2.959183673 3.571428571 21.51187134
3.163265306 3.571428571 22.76134872
3.367346939 3.571428571 24.09412766
3.571428571 3.571428571 25.51020432
3.775510204 3.571428571 27.00958061
3.979591837 3.571428571 28.59225464
4.183673469 3.571428571 30.25822449
4.387755102 3.571428571 32.00749588
4.591836735 3.571428571 33.84006882
4.795918367 3.571428571 35.75593567
5 3.571428571 37.75510406

-5 3.775510204 39.25447845
-4.795918367 3.775510204 37.25531006
-4.591836735 3.775510204 35.33944702
-4.387755102 3.775510204 33.50687408
-4.183673469 3.775510204 31.75760078
-3.979591837 3.775510204 30.09162903
-3.775510204 3.775510204 28.50895691
-3.571428571 3.775510204 27.00958061
-3.367346939 3.775510204 25.59350395
-3.163265306 3.775510204 24.26072502
-2.959183673 3.775510204 23.01124573
-2.755102041 3.775510204 21.84506607
-2.551020408 3.775510204 20.76218414
-2.346938776 3.775510204 19.76259995
-2.142857143 3.775510204 18.84631538
-1.93877551 3.775510204 18.01332855
-1.734693878 3.775510204 17.26364136
-1.530612245 3.775510204 16.59725189
-1.326530612 3.775510204 16.01416206
-1.12244898 3.775510204 15.51436996
-0.9183673469 3.775510204 15.0978775
-0.7142857143 3.775510204 14.76468277
-0.5102040816 3.775510204 14.51478672
-0.306122449 3.775510204 14.34818935
-0.1020408163 3.775510204 14.26489067
0.1020408163 3.775510204 14.26489067
0.306122449 3.775510204 14.34818935
0.5102040816 3.775510204 14.51478672
0.7142857143 3.775510204 14.76468277
0.9183673469 3.775510204 15.0978775
1.12244898 3.775510204 15.51436996
1.326530612 3.775510204 16.01416206
1.530612245 3.775510204 16.59725189
1.734693878 3.775510204 17.26364136
1.93877551 3.775510204 18.01332855
2.142857143 3.775510204 18.84631538
2.346938776 3.775510204 19.76259995
2.551020408 3.775510204 20.76218414
2.755102041 3.775510204 21.84506607
2.959183673 3.775510204 23.01124573
3.163265306 3.775510204 24.26072502
3.367346939 3.775510204 25.59350395
3.571428571 3.775510204 27.00958061
3.775510204 3.775510204 28.50895691
3.979591837 3.775510204 30.09162903
4.183673469 3.775510204 31.75760078
4.387755102 3.775510204 33.50687408
4.591836735 3.775510204 35.33944702
4.795918367 3.775510204 37.25531006
5 3.775510204 39.25447845

-5 3.979591837 40.83715057
-4.795918367 3.979591837 38.83798599
-4.591836735 3.979591837 36.92211914
-4.387755102 3.979591837 35.0895462
-4.183673469 3.979591837 33.34027481
-3.979591837 3.979591837 31.67430305
-3.775510204 3.979591837 30.09162903
-3.571428571 3.979591837 28.59225464
-3.367346939 3.979591837 27.17617798
-3.163265306 3.979591837 25.84339905
-2.959183673 3.979591837 24.59391975
-2.755102041 3.979591837 23.4277401
-2.551020408 3.979591837 22.34485626
-2.346938776 3.979591837 21.34527397
-2.142857143 3.979591837 20.4289875
-1.93877551 3.979591837 19.59600258
-1.734693878 3.979591837 18.84631348
-1.530612245 3.979591837 18.17992592
-1.326530612 3.979591837 17.59683418
-1.12244898 3.979591837 17.09704399
-0.9183673469 3.979591837 16.68054962
-0.7142857143 3.979591837 16.34735489
-0.5102040816 3.979591837 16.09745979
-0.306122449 3.979591837 15.93086243
-0.1020408163 3.979591837 15.84756374
0.1020408163 3.979591837 15.84756374
0.306122449 3.979591837 15.93086243
0.5102040816 3.979591837 16.09745979
0.7142857143 3.979591837 16.34735489
0.9183673469 3.979591837 16.68054962
1.12244898 3.979591837 17.09704399
1.326530612 3.979591837 17.59683418
1.530612245 3.979591837 18.17992592
1.734693878 3.979591837 18.84631348
1.93877551 3.979591837 19.59600258
2.142857143 3.979591837 20.4289875
2.346938776 3.979591837 21.34527397
2.551020408 3.979591837 22.34485626
2.755102041 3.979591837 23.4277401
2.959183673 3.979591837 24.59391975
3.163265306 3.979591837 25.84339905
3.367346939 3.979591837 27.17617798
3.571428571 3.979591837 28.59225464
3.775510204 3.979591837 30.09162903
3.979591837 3.979591837 31.67430305
4.183673469 3.979591837 33.34027481
4.387755102 3.979591837 35.0895462
4.591836735 3.979591837 36.92211914
4.795918367 3.979591837 38.83798599
5 3.979591837 40.83715057

-5 4.183673469 42.50312042
-4.795918367 4.183673469 40.50395584
-4.591836735 4.183673469 38.58808899
-4.387755102 4.183673469 36.75551605
-4.183673469 4.183673469 35.00624466
-3.979591837 4.183673469 33.34027481
-3.775510204 4.183673469 31.75760078
-3.571428571 4.183673469 30.25822449
-3.367346939 4.183673469 28.84214783
-3.163265306 4.183673469 27.5093689
-2.959183673 4.183673469 26.25989151
-2.755102041 4.183673469 25.09370995
-2.551020408 4.183673469 24.01082802
-2.346938776 4.183673469 23.01124382
-2.142857143 4.183673469 22.09495926
-1.93877551 4.183673469 21.26197243
-1.734693878 4.183673469 20.51228523
-1.530612245 4.183673469 19.84589577
-1.326530612 4.183673469 19.26280594
-1.12244898 4.183673469 18.76301384
-0.9183673469 4.183673469 18.34652138
-0.7142857143 4.183673469 18.01332664
-0.5102040816 4.183673469 17.76342964
-0.306122449 4.183673469 17.59683418
-0.1020408163 4.183673469 17.51353455
0.1020408163 4.183673469 17.51353455
0.306122449 4.183673469 17.59683418
0.5102040816 4.183673469 17.76342964
0.7142857143 4.183673469 18.01332664
0.9183673469 4.183673469 18.34652138
1.12244898 4.183673469 18.76301384
1.326530612 4.183673469 19.26280594
1.530612245 4.183673469 19.84589577
1.734693878 4.183673469 20.51228523
1.93877551 4.183673469 21.26197243
2.142857143 4.183673469 22.09495926
2.346938776 4.183673469 23.01124382
2.551020408 4.183673469 24.01082802
2.755102041 4.183673469 25.09370995
2.959183673 4.183673469 26.25989151
3.163265306 4.183673469 27.5093689
3.367346939 4.183673469 28.84214783
3.571428571 4.183673469 30.25822449
3.775510204 4.183673469 31.75760078
3.979591837 4.183673469 33.34027481
4.183673469 4.183673469 35.00624466
4.387755102 4.183673469 36.75551605
4.591836735 4.183673469 38.58808899
4.795918367 4.183673469 40.50395584
5 4.183673469 42.50312042

-5 4.387755102 44.25239563
-4.795918367 4.387755102 42.25322723
-4.591836735 4.387755102 40.33736038
-4.387755102 4.387755102 38.50478745
-4.183673469 4.387755102 36.75551605
-3.979591837 4.387755102 35.0895462
-3.775510204 4.387755102 33.50687408
-3.571428571 4.387755102 32.00749588
-3.367346939 4.387755102 30.59141922
-3.163265306 4.387755102 29.25864029
-2.959183673 4.387755102 28.0091629
-2.755102041 4.387755102 26.84298134
-2.551020408 4.387755102 25.76009941
-2.346938776 4.387755102 24.76051521
-2.142857143 4.387755102 23.84423065
-1.93877551 4.387755102 23.01124382
-1.734693878 4.387755102 22.26155663
-1.530612245 4.387755102 21.59516716
-1.326530612 4.387755102 21.01207733
-1.12244898 4.387755102 20.51228523
-0.9183673469 4.387755102 20.09579277
-0.7142857143 4.387755102 19.76259804
-0.5102040816 4.387755102 19.51270103
-0.306122449 4.387755102 19.34610558
-0.1020408163 4.387755102 19.26280594
0.1020408163 4.387755102 19.26280594
0.306122449 4.387755102 19.34610558
0.5102040816 4.387755102 19.51270103
0.7142857143 4.387755102 19.76259804
0.9183673469 4.387755102 20.09579277
1.12244898 4.387755102 20.51228523
1.326530612 4.387755102 21.01207733
1.530612245 4.387755102 21.59516716
1.734693878 4.387755102 22.26155663
1.93877551 4.387755102 23.01124382
2.142857143 4.387755102 23.84423065
2.346938776 4.387755102 24.76051521
2.551020408 4.387755102 25.76009941
2.755102041 4.387755102 26.84298134
2.959183673 4.387755102 28.0091629
3.163265306 4.387755102 29.25864029
3.367346939 4.387755102 30.59141922
3.571428571 4.387755102 32.00749588
3.775510204 4.387755102 33.50687408
3.979591837 4.387755102 35.0895462
4.183673469 4.387755102 36.75551605
4.387755102 4.387755102 38.50478745
4.591836735 4.387755102 40.33736038
4.795918367 4.387755102 42.25322723
5 4.387755102 44.25239563

-5 4.591836735 46.08496857
-4.795918367 4.591836735 44.08580017
-4.591836735 4.591836735 42.16993332
-4.387755102 4.591836735 40.33736038
-4.183673469 4.591836735 38.58808899
-3.979591837 4.591836735 36.92211914
-3.775510204 4.591836735 35.33944702
-3.571428571 4.591836735 33.84006882
-3.367346939 4.591836735 32.42399216
-3.163265306 4.591836735 31.09121323
-2.959183673 4.591836735 29.84173584
-2.755102041 4.591836735 28.67555428
-2.551020408 4.591836735 27.59267235
-2.346938776 4.591836735 26.59308815
-2.142857143 4.591836735 25.67680359
-1.93877551 4.591836735 24.84381676
-1.734693878 4.591836735 24.09412956
-1.530612245 4.591836735 23.4277401
-1.326530612 4.591836735 22.84465027
-1.12244898 4.591836735 22.34485817
-0.9183673469 4.591836735 21.92836571
-0.7142857143 4.591836735 21.59517097
-0.5102040816 4.591836735 21.34527397
-0.306122449 4.591836735 21.17867851
-0.1020408163 4.591836735 21.09537888
0.1020408163 4.591836735 21.09537888
0.306122449 4.591836735 21.17867851
0.5102040816 4.591836735 21.34527397
0.7142857143 4.591836735 21.59517097
0.9183673469 4.591836735 21.92836571
1.12244898 4.591836735 22.34485817
1.326530612 4.591836735 22.84465027
1.530612245 4.591836735 23.4277401
1.734693878 4.591836735 24.09412956
1.93877551 4.591836735 24.84381676
2.142857143 4.591836735 25.67680359
2.346938776 4.591836735 26.59308815
2.551020408 4.591836735 27.59267235
2.755102041 4.591836735 28.67555428
2.959183673 4.591836735 29.84173584
3.163265306 4.591836735 31.09121323
3.367346939 4.591836735 32.42399216
3.571428571 4.591836735 33.84006882
3.775510204 4.591836735 35.33944702
3.979591837 4.591836735 36.92211914
4.183673469 4.591836735 38.58808899
4.387755102 4.591836735 40.33736038
4.591836735 4.591836735 42.16993332
4.795918367 4.591836735 44.08580017
5 4.591836735 46.08496857

-5 4.795918367 48.0008316
-4.795918367 4.795918367 46.00166702
-4.591836735 4.795918367 44.08580017
-4.387755102 4.795918367 42.25322723
-4.183673469 4.795918367 40.50395584
-3.979591837 4.795918367 38.83798599
-3.775510204 4.795918367 37.25531006
-3.571428571 4.795918367 35.75593567
-3.367346939 4.795918367 34.33985901
-3.163265306 4.795918367 33.00708008
-2.959183673 4.795918367 31.75760269
-2.755102041 4.795918367 30.59142113
-2.551020408 4.795918367 29.5085392
-2.346938776 4.795918367 28.508955
-2.142857143 4.795918367 27.59267044
-1.93877551 4.795918367 26.75968361
-1.734693878 4.795918367 26.00999641
-1.530612245 4.795918367 25.34360695
-1.326530612 4.795918367 24.76051712
-1.12244898 4.795918367 24.26072502
-0.9183673469 4.795918367 23.84423256
-0.7142857143 4.795918367 23.51103783
-0.5102040816 4.795918367 23.26114082
-0.306122449 4.795918367 23.09454536
-0.1020408163 4.795918367 23.01124573
0.1020408163 4.795918367 23.01124573
0.306122449 4.795918367 23.09454536
0.5102040816 4.795918367 23.26114082
0.7142857143 4.795918367 23.51103783
0.9183673469 4.795918367 23.84423256
1.12244898 4.795918367 24.26072502
1.326530612 4.795918367 24.76051712
1.530612245 4.795918367 25.34360695
1.734693878 4.795918367 26.00999641
1.93877551 4.795918367 26.75968361
2.142857143 4.795918367 27.59267044
2.346938776 4.795918367 28.508955
2.551020408 4.795918367 29.5085392
2.755102041 4.795918367 30.59142113
2.959183673 4.795918367 31.75760269
3.163265306 4.795918367 33.00708008
3.367346939 4.795918367 34.33985901
3.571428571 4.795918367 35.75593567
3.775510204 4.795918367 37.25531006
3.979591837 4.795918367 38.83798599
4.183673469 4.795918367 40.50395584
4.387755102 4.795918367 42.25322723
4.591836735 4.795918367 44.08580017
4.795918367 4.795918367 46.00166702
5 4.795918367 48.0008316

-5 5 50
-4.795918367 5 48.0008316
-4.591836735 5 46.08496857
-4.387755102 5 44.25239563
-4.183673469 5 42.50312042
-3.979591837 5 40.83715057
-3.775510204 5 39.25447845
-3.571428571 5 37.75510406
-3.367346939 5 36.3390274
-3.163265306 5 35.00624847
-2.959183673 5 33.75676727
-2.755102041 5 32.59058762
-2.551020408 5 31.50770569
-2.346938776 5 30.50812149
-2.142857143 5 29.59183693
-1.93877551 5 28.7588501
-1.734693878 5 28.0091629
-1.530612245 5 27.34277344
-1.326530612 5 26.75968361
-1.12244898 5 26.25989151
-0.9183673469 5 25.84339905
-0.7142857143 5 25.51020432
-0.5102040816 5 25.26030731
-0.306122449 5 25.09371185
-0.1020408163 5 25.01041222
0.1020408163 5 25.01041222
0.306122449 5 25.09371185
0.5102040816 5 25.26030731
0.7142857143 5 25.51020432
0.9183673469 5 25.84339905
1.12244898 5 26.25989151
1.326530612 5 26.75968361
1.530612245 5 27.34277344
1.734693878 5 28.0091629
1.93877551 5 28.7588501
2.142857143 5 29.59183693
2.346938776 5 30.50812149
2.551020408 5 31.50770569
2.755102041 5 32.59058762
2.959183673 5 33.75676727
3.163265306 5 35.00624847
3.367346939 5 36.3390274
3.571428571 5 37.75510406
3.775510204 5 39.25447845
3.979591837 5 40.83715057
4.183673469 5 42.50312042
4.387755102 5 44.25239563
4.591836735 5 46.08496857
4.795918367 5 48.0008316
5 5 50