-2 -2 3609
-1.918367347 -2 3234.908447
-1.836734694 -2 2895.598633
-1.755102041 -2 2588.620117
-1.673469388 -2 2311.627441
-1.591836735 -2 2062.382568
-1.510204082 -2 1838.754517
-1.428571429 -2 1638.717529
-1.346938776 -2 1460.35376
-1.265306122 -2 1301.85144
-1.183673469 -2 1161.505005
-1.102040816 -2 1037.715576
-1.020408163 -2 928.9916992
-0.9387755102 -2 833.9475098
-0.8571428571 -2 751.3041382
-0.7755102041 -2 679.8890381
-0.693877551 -2 618.6365967
-0.612244898 -2 566.5875854
-0.5306122449 -2 522.8895264
-0.4489795918 -2 486.7961731
-0.3673469388 -2 457.6681213
-0.2857142857 -2 434.9725037
-0.2040816327 -2 418.28302
-0.1224489796 -2 407.2798157
-0.04081632653 -2 401.7500305
0.04081632653 -2 401.5867615
0.1224489796 -2 406.7900085
0.2040816327 -2 417.4667053
0.2857142857 -2 433.8296204
0.3673469388 -2 456.1987305
0.4489795918 -2 485.0002441
0.5306122449 -2 520.7670898
0.612244898 -2 564.1386108
0.693877551 -2 615.861084
0.7755102041 -2 676.7869873
0.8571428571 -2 747.8755493
0.9387755102 -2 830.1923828
1.020408163 -2 924.9100952
1.102040816 -2 1033.307373
1.183673469 -2 1156.770264
1.265306122 -2 1296.790283
1.346938776 -2 1454.965942
1.428571429 -2 1633.003296
1.510204082 -2 1832.713623
1.591836735 -2 2056.015381
1.673469388 -2 2304.933594
1.755102041 -2 2581.599609
1.836734694 -2 2888.251709
1.918367347 -2 3227.235107
2 -2 3601

-2 -1.918367347 3511.707275
-1.918367347 -1.918367347 3142.837891
-1.836734694 -1.918367347 2808.532959
-1.755102041 -1.918367347 2506.341553
-1.673469388 -1.918367347 2233.918213
-1.591836735 -1.918367347 1989.025513
-1.510204082 -1.918367347 1769.531616
-1.428571429 -1.918367347 1573.411499
-1.346938776 -1.918367347 1398.746826
-1.265306122 -1.918367347 1243.726074
-1.183673469 -1.918367347 1106.643555
-1.102040816 -1.918367347 985.9005127
-1.020408163 -1.918367347 880.0053711
-0.9387755102 -1.918367347 787.5723267
-0.8571428571 -1.918367347 707.3224487
-0.7755102041 -1.918367347 638.083374
-0.693877551 -1.918367347 578.7892456
-0.612244898 -1.918367347 528.4810791
-0.5306122449 -1.918367347 486.3061523
-0.4489795918 -1.918367347 451.5183716
-0.3673469388 -1.918367347 423.4782715
-0.2857142857 -1.918367347 401.6530762
-0.2040816327 -1.918367347 385.6163635
-0.1224489796 -1.918367347 375.0484314
-0.04081632653 -1.918367347 369.7361145
0.04081632653 -1.918367347 369.5728455
0.1224489796 -1.918367347 374.5586243
0.2040816327 -1.918367347 384.8000488
0.2857142857 -1.918367347 400.5101929
0.3673469388 -1.918367347 422.0088806
0.4489795918 -1.918367347 449.7224426
0.5306122449 -1.918367347 484.1837158
0.612244898 -1.918367347 526.0321045
0.693877551 -1.918367347 576.0137329
0.7755102041 -1.918367347 634.9813232
0.8571428571 -1.918367347 703.8938599
0.9387755102 -1.918367347 783.8171997
1.020408163 -1.918367347 875.9237671
1.102040816 -1.918367347 981.4923706
1.183673469 -1.918367347 1101.908813
1.265306122 -1.918367347 1238.664917
1.346938776 -1.918367347 1393.359009
1.428571429 -1.918367347 1567.697266
1.510204082 -1.918367347 1763.490723
1.591836735 -1.918367347 1982.658081
1.673469388 -1.918367347 2227.224365
1.755102041 -1.918367347 2499.321045
1.836734694 -1.918367347 2801.186035
1.918367347 -1.918367347 3135.164551
2 -1.918367347 3503.707275

-2 -1.836734694 3415.747559
-1.918367347 -1.836734694 3052.100098
-1.836734694 -1.836734694 2722.800049
-1.755102041 -1.836734694 2425.39502
-1.673469388 -1.836734694 2157.541992
-1.591836735 -1.836734694 1917.001099
-1.510204082 -1.836734694 1701.641479
-1.428571429 -1.836734694 1509.438232
-1.346938776 -1.836734694 1338.472656
-1.265306122 -1.836734694 1186.933228
-1.183673469 -1.836734694 1053.114868
-1.102040816 -1.836734694 935.4181519
-1.020408163 -1.836734694 832.3516235
-0.9387755102 -1.836734694 742.5298462
-0.8571428571 -1.836734694 664.6734619
-0.7755102041 -1.836734694 597.6103516
-0.693877551 -1.836734694 540.2747192
-0.612244898 -1.836734694 491.7072449
-0.5306122449 -1.836734694 451.0554504
-0.4489795918 -1.836734694 417.5732422
-0.3673469388 -1.836734694 390.6212158
-0.2857142857 -1.836734694 369.6663513
-0.2040816327 -1.836734694 354.2824402
-0.1224489796 -1.836734694 344.1496887
-0.04081632653 -1.836734694 339.0549927
0.04081632653 -1.836734694 338.8917236
0.1224489796 -1.836734694 343.6598816
0.2040816327 -1.836734694 353.4661255
0.2857142857 -1.836734694 368.523468
0.3673469388 -1.836734694 389.151825
0.4489795918 -1.836734694 415.7773132
0.5306122449 -1.836734694 448.9330139
0.612244898 -1.836734694 489.2582703
0.693877551 -1.836734694 537.4992065
0.7755102041 -1.836734694 594.5083008
0.8571428571 -1.836734694 661.244873
0.9387755102 -1.836734694 738.7747192
1.020408163 -1.836734694 828.2700195
1.102040816 -1.836734694 931.0100098
1.183673469 -1.836734694 1048.380127
1.265306122 -1.836734694 1181.87207
1.346938776 -1.836734694 1333.084839
1.428571429 -1.836734694 1503.723999
1.510204082 -1.836734694 1695.600586
1.591836735 -1.836734694 1910.633667
1.673469388 -1.836734694 2150.848145
1.755102041 -1.836734694 2418.374512
1.836734694 -1.836734694 2715.453125
1.918367347 -1.836734694 3044.426758
2 -1.836734694 3407.747559

-2 -1.755102041 3321.120117
-1.918367347 -1.755102041 2962.695312
-1.836734694 -1.755102041 2638.399902
-1.755102041 -1.755102041 2345.781982
-1.673469388 -1.755102041 2082.498535
-1.591836735 -1.755102041 1846.309448
-1.510204082 -1.755102041 1635.084351
-1.428571429 -1.755102041 1446.797607
-1.346938776 -1.755102041 1279.53125
-1.265306122 -1.755102041 1131.473267
-1.183673469 -1.755102041 1000.918945
-1.102040816 -1.755102041 886.2685547
-1.020408163 -1.755102041 786.0308228
-0.9387755102 -1.755102041 698.8201904
-0.8571428571 -1.755102041 623.3573608
-0.7755102041 -1.755102041 558.4702148
-0.693877551 -1.755102041 503.0929565
-0.612244898 -1.755102041 456.2662048
-0.5306122449 -1.755102041 417.1376343
-0.4489795918 -1.755102041 384.9610291
-0.3673469388 -1.755102041 359.0969849
-0.2857142857 -1.755102041 339.0125122
-0.2040816327 -1.755102041 324.2813721
-0.1224489796 -1.755102041 314.5838013
-0.04081632653 -1.755102041 309.7066956
0.04081632653 -1.755102041 309.5434265
0.1224489796 -1.755102041 314.0939941
0.2040816327 -1.755102041 323.4650574
0.2857142857 -1.755102041 337.8696289
0.3673469388 -1.755102041 357.627594
0.4489795918 -1.755102041 383.1651001
0.5306122449 -1.755102041 415.0151978
0.612244898 -1.755102041 453.8172302
0.693877551 -1.755102041 500.3174438
0.7755102041 -1.755102041 555.3681641
0.8571428571 -1.755102041 619.928772
0.9387755102 -1.755102041 695.0650635
1.020408163 -1.755102041 781.9492188
1.102040816 -1.755102041 881.8604126
1.183673469 -1.755102041 996.1842651
1.265306122 -1.755102041 1126.412109
1.346938776 -1.755102041 1274.143433
1.428571429 -1.755102041 1441.083374
1.510204082 -1.755102041 1629.043457
1.591836735 -1.755102041 1839.942017
1.673469388 -1.755102041 2075.804688
1.755102041 -1.755102041 2338.761475
1.836734694 -1.755102041 2631.052979
1.918367347 -1.755102041 2955.021973
2 -1.755102041 3313.120117

-2 -1.673469388 3227.825439
-1.918367347 -1.673469388 2874.623291
-1.836734694 -1.673469388 2555.332275
-1.755102041 -1.673469388 2267.501709
-1.673469388 -1.673469388 2008.787842
-1.591836735 -1.673469388 1776.950562
-1.510204082 -1.673469388 1569.859863
-1.428571429 -1.673469388 1385.489868
-1.346938776 -1.673469388 1221.922607
-1.265306122 -1.673469388 1077.346313
-1.183673469 -1.673469388 950.0557861
-1.102040816 -1.673469388 838.4517822
-1.020408163 -1.673469388 741.0427856
-0.9387755102 -1.673469388 656.4433594
-0.8571428571 -1.673469388 583.3740234
-0.7755102041 -1.673469388 520.6628418
-0.693877551 -1.673469388 467.2439575
-0.612244898 -1.673469388 422.1579895
-0.5306122449 -1.673469388 384.5526123
-0.4489795918 -1.673469388 353.6815796
-0.3673469388 -1.673469388 328.9054871
-0.2857142857 -1.673469388 309.6913757
-0.2040816327 -1.673469388 295.6130371
-0.1224489796 -1.673469388 286.3506775
-0.04081632653 -1.673469388 281.6911621
0.04081632653 -1.673469388 281.5278931
0.1224489796 -1.673469388 285.8608704
0.2040816327 -1.673469388 294.7967224
0.2857142857 -1.673469388 308.5484924
0.3673469388 -1.673469388 327.4360962
0.4489795918 -1.673469388 351.8856506
0.5306122449 -1.673469388 382.4301758
0.612244898 -1.673469388 419.7090149
0.693877551 -1.673469388 464.4684448
0.7755102041 -1.673469388 517.560791
0.8571428571 -1.673469388 579.9454346
0.9387755102 -1.673469388 652.6882324
1.020408163 -1.673469388 736.9611816
1.102040816 -1.673469388 834.0436401
1.183673469 -1.673469388 945.321106
1.265306122 -1.673469388 1072.285156
1.346938776 -1.673469388 1216.53479
1.428571429 -1.673469388 1379.775635
1.510204082 -1.673469388 1563.81897
1.591836735 -1.673469388 1770.58313
1.673469388 -1.673469388 2002.093994
1.755102041 -1.673469388 2260.481201
1.836734694 -1.673469388 2547.985352
1.918367347 -1.673469388 2866.949951
2 -1.673469388 3219.825439

-2 -1.591836735 3135.864014
-1.918367347 -1.591836735 2787.883301
-1.836734694 -1.591836735 2473.5979
-1.755102041 -1.591836735 2190.554443
-1.673469388 -1.591836735 1936.40979
-1.591836735 -1.591836735 1708.924683
-1.510204082 -1.591836735 1505.967896
-1.428571429 -1.591836735 1325.514771
-1.346938776 -1.591836735 1165.646729
-1.265306122 -1.591836735 1024.552002
-1.183673469 -1.591836735 900.5252686
-1.102040816 -1.591836735 791.9677734
-1.020408163 -1.591836735 697.3875122
-0.9387755102 -1.591836735 615.3991089
-0.8571428571 -1.591836735 544.7233887
-0.7755102041 -1.591836735 484.1882324
-0.693877551 -1.591836735 432.7276917
-0.612244898 -1.591836735 389.3825378
-0.5306122449 -1.591836735 353.300293
-0.4489795918 -1.591836735 323.7348328
-0.3673469388 -1.591836735 300.0466919
-0.2857142857 -1.591836735 281.7030334
-0.2040816327 -1.591836735 268.2774658
-0.1224489796 -1.591836735 259.4503174
-0.04081632653 -1.591836735 255.0083618
0.04081632653 -1.591836735 254.8450928
0.1224489796 -1.591836735 258.9605103
0.2040816327 -1.591836735 267.4611511
0.2857142857 -1.591836735 280.5601501
0.3673469388 -1.591836735 298.577301
0.4489795918 -1.591836735 321.9389038
0.5306122449 -1.591836735 351.1778564
0.612244898 -1.591836735 386.9335632
0.693877551 -1.591836735 429.952179
0.7755102041 -1.591836735 481.0861816
0.8571428571 -1.591836735 541.2947998
0.9387755102 -1.591836735 611.6439819
1.020408163 -1.591836735 693.3059082
1.102040816 -1.591836735 787.5596313
1.183673469 -1.591836735 895.7905884
1.265306122 -1.591836735 1019.490723
1.346938776 -1.591836735 1160.258911
1.428571429 -1.591836735 1319.800537
1.510204082 -1.591836735 1499.927002
1.591836735 -1.591836735 1702.557251
1.673469388 -1.591836735 1929.715942
1.755102041 -1.591836735 2183.533936
1.836734694 -1.591836735 2466.250977
1.918367347 -1.591836735 2780.209961
2 -1.591836735 3127.864014

-2 -1.510204082 3045.235352
-1.918367347 -1.510204082 2702.476807
-1.836734694 -1.510204082 2393.196045
-1.755102041 -1.510204082 2114.939697
-1.673469388 -1.510204082 1865.364502
-1.591836735 -1.510204082 1642.231323
-1.510204082 -1.510204082 1443.409058
-1.428571429 -1.510204082 1266.872559
-1.346938776 -1.510204082 1110.703735
-1.265306122 -1.510204082 973.0904541
-1.183673469 -1.510204082 852.3276978
-1.102040816 -1.510204082 746.8165283
-1.020408163 -1.510204082 655.0650635
-0.9387755102 -1.510204082 575.6878052
-0.8571428571 -1.510204082 507.4056396
-0.7755102041 -1.510204082 449.0464478
-0.693877551 -1.510204082 399.54422
-0.612244898 -1.510204082 357.9398804
-0.5306122449 -1.510204082 323.3807983
-0.4489795918 -1.510204082 295.1209412
-0.3673469388 -1.510204082 272.520752
-0.2857142857 -1.510204082 255.0474701
-0.2040816327 -1.510204082 242.2747345
-0.1224489796 -1.510204082 233.8827515
-0.04081632653 -1.510204082 229.6583862
0.04081632653 -1.510204082 229.4951172
0.1224489796 -1.510204082 233.3929596
0.2040816327 -1.510204082 241.4584045
0.2857142857 -1.510204082 253.9046173
0.3673469388 -1.510204082 271.0513611
0.4489795918 -1.510204082 293.3250122
0.5306122449 -1.510204082 321.2583618
0.612244898 -1.510204082 355.4909058
0.693877551 -1.510204082 396.7687073
0.7755102041 -1.510204082 445.944397
0.8571428571 -1.510204082 503.9770813
0.9387755102 -1.510204082 571.9326782
1.020408163 -1.510204082 650.9834595
1.102040816 -1.510204082 742.4083862
1.183673469 -1.510204082 847.5930176
1.265306122 -1.510204082 968.0292358
1.346938776 -1.510204082 1105.315918
1.428571429 -1.510204082 1261.158325
1.510204082 -1.510204082 1437.368164
1.591836735 -1.510204082 1635.863892
1.673469388 -1.510204082 1858.670654
1.755102041 -1.510204082 2107.919189
1.836734694 -1.510204082 2385.849121
1.918367347 -1.510204082 2694.803467
2 -1.510204082 3037.235352

-2 -1.428571429 2955.938965
-1.918367347 -1.428571429 2618.403076
-1.836734694 -1.428571429 2314.126953
-1.755102041 -1.428571429 2040.657715
-1.673469388 -1.428571429 1795.6521
-1.591836735 -1.428571429 1576.870605
-1.510204082 -1.428571429 1382.182861
-1.428571429 -1.428571429 1209.56311
-1.346938776 -1.428571429 1057.093384
-1.265306122 -1.428571429 922.9616699
-1.183673469 -1.428571429 805.4628906
-1.102040816 -1.428571429 702.9981079
-1.020408163 -1.428571429 614.0753174
-0.9387755102 -1.428571429 537.3092651
-0.8571428571 -1.428571429 471.4206238
-0.7755102041 -1.428571429 415.2373962
-0.693877551 -1.428571429 367.693573
-0.612244898 -1.428571429 327.8300171
-0.5306122449 -1.428571429 294.7940979
-0.4489795918 -1.428571429 267.8398132
-0.3673469388 -1.428571429 246.3276215
-0.2857142857 -1.428571429 229.7247009
-0.2040816327 -1.428571429 217.6047516
-0.1224489796 -1.428571429 209.6479492
-0.04081632653 -1.428571429 205.6411896
0.04081632653 -1.428571429 205.4779205
0.1224489796 -1.428571429 209.1581573
0.2040816327 -1.428571429 216.7884216
0.2857142857 -1.428571429 228.5818481
0.3673469388 -1.428571429 244.8582306
0.4489795918 -1.428571429 266.0438843
0.5306122449 -1.428571429 292.6716614
0.612244898 -1.428571429 325.3810425
0.693877551 -1.428571429 364.9180603
0.7755102041 -1.428571429 412.1353455
0.8571428571 -1.428571429 467.9920654
0.9387755102 -1.428571429 533.5541382
1.020408163 -1.428571429 609.9937134
1.102040816 -1.428571429 698.5899658
1.183673469 -1.428571429 800.7282104
1.265306122 -1.428571429 917.9004517
1.346938776 -1.428571429 1051.705566
1.428571429 -1.428571429 1203.848877
1.510204082 -1.428571429 1376.141968
1.591836735 -1.428571429 1570.503174
1.673469388 -1.428571429 1788.958252
1.755102041 -1.428571429 2033.637329
1.836734694 -1.428571429 2306.780029
1.918367347 -1.428571429 2610.729736
2 -1.428571429 2947.938965

-2 -1.346938776 2867.975098
-1.918367347 -1.346938776 2535.662109
-1.836734694 -1.346938776 2236.390137
-1.755102041 -1.346938776 1967.708496
-1.673469388 -1.346938776 1727.272095
-1.591836735 -1.346938776 1512.842773
-1.510204082 -1.346938776 1322.289185
-1.428571429 -1.346938776 1153.586182
-1.346938776 -1.346938776 1004.815674
-1.265306122 -1.346938776 874.1657104
-1.183673469 -1.346938776 759.9307251
-1.102040816 -1.346938776 660.5122681
-1.020408163 -1.346938776 574.418396
-0.9387755102 -1.346938776 500.2633362
-0.8571428571 -1.346938776 436.7684021
-0.7755102041 -1.346938776 382.7610474
-0.693877551 -1.346938776 337.1756287
-0.612244898 -1.346938776 299.0528564
-0.5306122449 -1.346938776 267.5401306
-0.4489795918 -1.346938776 241.8913879
-0.3673469388 -1.346938776 221.4672394
-0.2857142857 -1.346938776 205.7346649
-0.2040816327 -1.346938776 194.2675018
-0.1224489796 -1.346938776 186.7459106
-0.04081632653 -1.346938776 182.9567566
0.04081632653 -1.346938776 182.7934875
0.1224489796 -1.346938776 186.2561188
0.2040816327 -1.346938776 193.4511719
0.2857142857 -1.346938776 204.5918121
0.3673469388 -1.346938776 219.9978485
0.4489795918 -1.346938776 240.095459
0.5306122449 -1.346938776 265.4176941
0.612244898 -1.346938776 296.6038818
0.693877551 -1.346938776 334.400116
0.7755102041 -1.346938776 379.6589966
0.8571428571 -1.346938776 433.3398438
0.9387755102 -1.346938776 496.5082397
1.020408163 -1.346938776 570.336792
1.102040816 -1.346938776 656.104126
1.183673469 -1.346938776 755.1960449
1.265306122 -1.346938776 869.1044922
1.346938776 -1.346938776 999.4279175
1.428571429 -1.346938776 1147.871948
1.510204082 -1.346938776 1316.248291
1.591836735 -1.346938776 1506.475342
1.673469388 -1.346938776 1720.578247
1.755102041 -1.346938776 1960.68811
1.836734694 -1.346938776 2229.043213
1.918367347 -1.346938776 2527.98877
2 -1.346938776 2859.975098

-2 -1.265306122 2781.344727
-1.918367347 -1.265306122 2454.253906
-1.836734694 -1.265306122 2159.986816
-1.755102041 -1.265306122 1896.092163
-1.673469388 -1.265306122 1660.225098
-1.591836735 -1.265306122 1450.147827
-1.510204082 -1.265306122 1263.728638
-1.428571429 -1.265306122 1098.942383
-1.346938776 -1.265306122 953.8709717
-1.265306122 -1.265306122 826.7024536
-1.183673469 -1.265306122 715.7314453
-1.102040816 -1.265306122 619.359375
-1.020408163 -1.265306122 536.0942383
-0.9387755102 -1.265306122 464.550354
-0.8571428571 -1.265306122 403.4489746
-0.7755102041 -1.265306122 351.6175537
-0.693877551 -1.265306122 307.9905396
-0.612244898 -1.265306122 271.6085205
-0.5306122449 -1.265306122 241.6189423
-0.4489795918 -1.265306122 217.2758179
-0.3673469388 -1.265306122 197.9396362
-0.2857142857 -1.265306122 183.0774536
-0.2040816327 -1.265306122 172.2630768
-0.1224489796 -1.265306122 165.1766663
-0.04081632653 -1.265306122 161.6051178
0.04081632653 -1.265306122 161.4418488
0.1224489796 -1.265306122 164.6868744
0.2040816327 -1.265306122 171.4467468
0.2857142857 -1.265306122 181.9346008
0.3673469388 -1.265306122 196.4702454
0.4489795918 -1.265306122 215.4798889
0.5306122449 -1.265306122 239.4964905
0.612244898 -1.265306122 269.1595459
0.693877551 -1.265306122 305.2150269
0.7755102041 -1.265306122 348.5155029
0.8571428571 -1.265306122 400.0204163
0.9387755102 -1.265306122 460.7952576
1.020408163 -1.265306122 532.0126343
1.102040816 -1.265306122 614.9512329
1.183673469 -1.265306122 710.9967651
1.265306122 -1.265306122 821.6412354
1.346938776 -1.265306122 948.4832153
1.428571429 -1.265306122 1093.228149
1.510204082 -1.265306122 1257.687744
1.591836735 -1.265306122 1443.780396
1.673469388 -1.265306122 1653.53125
1.755102041 -1.265306122 1889.071777
1.836734694 -1.265306122 2152.639893
1.918367347 -1.265306122 2446.580566
2 -1.265306122 2773.344727

-2 -1.183673469 2696.047119
-1.918367347 -1.183673469 2374.178467
-1.836734694 -1.183673469 2084.916016
-1.755102041 -1.183673469 1825.808472
-1.673469388 -1.183673469 1594.51123
-1.591836735 -1.183673469 1388.785645
-1.510204082 -1.183673469 1206.500854
-1.428571429 -1.183673469 1045.631348
-1.346938776 -1.183673469 904.2589722
-1.265306122 -1.183673469 780.5720825
-1.183673469 -1.183673469 672.8649902
-1.102040816 -1.183673469 579.5392456
-1.020408163 -1.183673469 499.1029358
-0.9387755102 -1.183673469 430.1701355
-0.8571428571 -1.183673469 371.4623108
-0.7755102041 -1.183673469 321.8068848
-0.693877551 -1.183673469 280.1382141
-0.612244898 -1.183673469 245.4969635
-0.5306122449 -1.183673469 217.0305786
-0.4489795918 -1.183673469 193.9930115
-0.3673469388 -1.183673469 175.744812
-0.2857142857 -1.183673469 161.7530212
-0.2040816327 -1.183673469 151.5914154
-0.1224489796 -1.183673469 144.9402161
-0.04081632653 -1.183673469 141.5862579
0.04081632653 -1.183673469 141.4229889
0.1224489796 -1.183673469 144.4504242
0.2040816327 -1.183673469 150.7750854
0.2857142857 -1.183673469 160.6101685
0.3673469388 -1.183673469 174.2754211
0.4489795918 -1.183673469 192.1970825
0.5306122449 -1.183673469 214.9081268
0.612244898 -1.183673469 243.0479889
0.693877551 -1.183673469 277.3627014
0.7755102041 -1.183673469 318.704834
0.8571428571 -1.183673469 368.0337524
0.9387755102 -1.183673469 426.4150391
1.020408163 -1.183673469 495.0213013
1.102040816 -1.183673469 575.1311035
1.183673469 -1.183673469 668.1303101
1.265306122 -1.183673469 775.5108643
1.346938776 -1.183673469 898.8712158
1.428571429 -1.183673469 1039.917114
1.510204082 -1.183673469 1200.459961
1.591836735 -1.183673469 1382.418213
1.673469388 -1.183673469 1587.817383
1.755102041 -1.183673469 1818.788086
1.836734694 -1.183673469 2077.569092
1.918367347 -1.183673469 2366.505127
2 -1.183673469 2688.047119

-2 -1.102040816 2612.082031
-1.918367347 -1.102040816 2295.435791
-1.836734694 -1.102040816 2011.177979
-1.755102041 -1.102040816 1756.857178
-1.673469388 -1.102040816 1530.129883
-1.591836735 -1.102040816 1328.756348
-1.510204082 -1.102040816 1150.605835
-1.428571429 -1.102040816 993.6529541
-1.346938776 -1.102040816 855.9797363
-1.265306122 -1.102040816 735.774292
-1.183673469 -1.102040816 631.3312378
-1.102040816 -1.102040816 541.0517578
-1.020408163 -1.102040816 463.4442444
-0.9387755102 -1.102040816 397.1227112
-0.8571428571 -1.102040816 340.8084106
-0.7755102041 -1.102040816 293.3289795
-0.693877551 -1.102040816 253.6186066
-0.612244898 -1.102040816 220.7181396
-0.5306122449 -1.102040816 193.7749329
-0.4489795918 -1.102040816 172.0429535
-0.3673469388 -1.102040816 154.8827057
-0.2857142857 -1.102040816 141.761322
-0.2040816327 -1.102040816 132.2525177
-0.1224489796 -1.102040816 126.0365067
-0.04081632653 -1.102040816 122.9001465
0.04081632653 -1.102040816 122.7368851
0.1224489796 -1.102040816 125.5467072
0.2040816327 -1.102040816 131.4361877
0.2857142857 -1.102040816 140.6184692
0.3673469388 -1.102040816 153.4133148
0.4489795918 -1.102040816 170.2470245
0.5306122449 -1.102040816 191.6524811
0.612244898 -1.102040816 218.269165
0.693877551 -1.102040816 250.8430939
0.7755102041 -1.102040816 290.2269287
0.8571428571 -1.102040816 337.3798523
0.9387755102 -1.102040816 393.3676147
1.020408163 -1.102040816 459.3626099
1.102040816 -1.102040816 536.6436157
1.183673469 -1.102040816 626.5965576
1.265306122 -1.102040816 730.7130737
1.346938776 -1.102040816 850.59198
1.428571429 -1.102040816 987.9386597
1.510204082 -1.102040816 1144.564941
1.591836735 -1.102040816 1322.388916
1.673469388 -1.102040816 1523.436035
1.755102041 -1.102040816 1749.836792
1.836734694 -1.102040816 2003.830933
1.918367347 -1.102040816 2287.762451
2 -1.102040816 2604.082031

-2 -1.020408163 2529.449707
-1.918367347 -1.020408163 2218.025879
-1.836734694 -1.020408163 1938.772827
-1.755102041 -1.020408163 1689.239258
-1.673469388 -1.020408163 1467.081299
-1.591836735 -1.020408163 1270.059692
-1.510204082 -1.020408163 1096.043579
-1.428571429 -1.020408163 943.0075073
-1.346938776 -1.020408163 809.0332642
-1.265306122 -1.020408163 692.3094482
-1.183673469 -1.020408163 591.1303711
-1.102040816 -1.020408163 503.8972473
-1.020408163 -1.020408163 429.1184082
-0.9387755102 -1.020408163 365.4080505
-0.8571428571 -1.020408163 311.4872742
-0.7755102041 -1.020408163 266.1838074
-0.693877551 -1.020408163 228.431839
-0.612244898 -1.020408163 197.2721405
-0.5306122449 -1.020408163 171.8520966
-0.4489795918 -1.020408163 151.425705
-0.3673469388 -1.020408163 135.3534393
-0.2857142857 -1.020408163 123.1024475
-0.2040816327 -1.020408163 114.2464294
-0.1224489796 -1.020408163 108.4656067
-0.04081632653 -1.020408163 105.5468369
0.04081632653 -1.020408163 105.3835754
0.1224489796 -1.020408163 107.9758072
0.2040816327 -1.020408163 113.4300995
0.2857142857 -1.020408163 121.9595871
0.3673469388 -1.020408163 133.8840485
0.4489795918 -1.020408163 149.629776
0.5306122449 -1.020408163 169.7296448
0.612244898 -1.020408163 194.8231659
0.693877551 -1.020408163 225.6563263
0.7755102041 -1.020408163 263.0817566
0.8571428571 -1.020408163 308.0587158
0.9387755102 -1.020408163 361.6529541
1.020408163 -1.020408163 425.0367737
1.102040816 -1.020408163 499.4890747
1.183673469 -1.020408163 586.3956909
1.265306122 -1.020408163 687.24823
1.346938776 -1.020408163 803.6455078
1.428571429 -1.020408163 937.2932129
1.510204082 -1.020408163 1090.002686
1.591836735 -1.020408163 1263.692261
1.673469388 -1.020408163 1460.387451
1.755102041 -1.020408163 1682.218872
1.836734694 -1.020408163 1931.425781
1.918367347 -1.020408163 2210.352539
2 -1.020408163 2521.449707

-2 -0.9387755102 2448.150391
-1.918367347 -0.9387755102 2141.948975
-1.836734694 -0.9387755102 1867.700439
-1.755102041 -0.9387755102 1622.953857
-1.673469388 -0.9387755102 1405.365479
-1.591836735 -0.9387755102 1212.695801
-1.510204082 -0.9387755102 1042.813965
-1.428571429 -0.9387755102 893.6947021
-1.346938776 -0.9387755102 763.4196777
-1.265306122 -0.9387755102 650.1773682
-1.183673469 -0.9387755102 552.262207
-1.102040816 -0.9387755102 468.0754395
-1.020408163 -0.9387755102 396.1253662
-0.9387755102 -0.9387755102 335.0261536
-0.8571428571 -0.9387755102 283.4989624
-0.7755102041 -0.9387755102 240.37146
-0.693877551 -0.9387755102 204.5778503
-0.612244898 -0.9387755102 175.1589203
-0.5306122449 -0.9387755102 151.2620544
-0.4489795918 -0.9387755102 132.1412354
-0.3673469388 -0.9387755102 117.1569443
-0.2857142857 -0.9387755102 105.7763443
-0.2040816327 -0.9387755102 97.57311249
-0.1224489796 -0.9387755102 92.22747803
-0.04081632653 -0.9387755102 89.52631378
0.04081632653 -0.9387755102 89.36305237
0.1224489796 -0.9387755102 91.73767853
0.2040816327 -0.9387755102 96.75678253
0.2857142857 -0.9387755102 104.6334839
0.3673469388 -0.9387755102 115.687561
0.4489795918 -0.9387755102 130.3453064
0.5306122449 -0.9387755102 149.1396027
0.612244898 -0.9387755102 172.7099457
0.693877551 -0.9387755102 201.8023376
0.7755102041 -0.9387755102 237.2694244
0.8571428571 -0.9387755102 280.0704041
0.9387755102 -0.9387755102 331.2710571
1.020408163 -0.9387755102 392.0437317
1.102040816 -0.9387755102 463.6672668
1.183673469 -0.9387755102 547.5275269
1.265306122 -0.9387755102 645.1161499
1.346938776 -0.9387755102 758.0319214
1.428571429 -0.9387755102 887.9804077
1.510204082 -0.9387755102 1036.773071
1.591836735 -0.9387755102 1206.328369
1.673469388 -0.9387755102 1398.671631
1.755102041 -0.9387755102 1615.933472
1.836734694 -0.9387755102 1860.353394
1.918367347 -0.9387755102 2134.275635
2 -0.9387755102 2440.150391

-2 -0.8571428571 2368.183594
-1.918367347 -0.8571428571 2067.204346
-1.836734694 -0.8571428571 1797.960815
-1.755102041 -0.8571428571 1558.001709
-1.673469388 -0.8571428571 1344.982544
-1.591836735 -0.8571428571 1156.664795
-1.510204082 -0.8571428571 990.9172363
-1.428571429 -0.8571428571 845.7147217
-1.346938776 -0.8571428571 719.1387939
-1.265306122 -0.8571428571 609.3780518
-1.183673469 -0.8571428571 514.7268066
-1.102040816 -0.8571428571 433.5864258
-1.020408163 -0.8571428571 364.4651184
-0.9387755102 -0.8571428571 305.9770508
-0.8571428571 -0.8571428571 256.8433838
-0.7755102041 -0.8571428571 215.891861
-0.693877551 -0.8571428571 182.0566254
-0.612244898 -0.8571428571 154.378479
-0.5306122449 -0.8571428571 132.0047455
-0.4489795918 -0.8571428571 114.1895294
-0.3673469388 -0.8571428571 100.2932281
-0.2857142857 -0.8571428571 89.78301239
-0.2040816327 -0.8571428571 82.23255157
-0.1224489796 -0.8571428571 77.32212067
-0.04081632653 -0.8571428571 74.83855438
0.04081632653 -0.8571428571 74.67529297
0.1224489796 -0.8571428571 76.83232117
0.2040816327 -0.8571428571 81.41622162
0.2857142857 -0.8571428571 88.64015198
0.3673469388 -0.8571428571 98.82384491
0.4489795918 -0.8571428571 112.3936157
0.5306122449 -0.8571428571 129.8822937
0.612244898 -0.8571428571 151.9295044
0.693877551 -0.8571428571 179.2811127
0.7755102041 -0.8571428571 212.7898254
0.8571428571 -0.8571428571 253.4148102
0.9387755102 -0.8571428571 302.2219543
1.020408163 -0.8571428571 360.3834839
1.102040816 -0.8571428571 429.1782532
1.183673469 -0.8571428571 509.9921265
1.265306122 -0.8571428571 604.3168335
1.346938776 -0.8571428571 713.7510376
1.428571429 -0.8571428571 840.0004272
1.510204082 -0.8571428571 984.8764038
1.591836735 -0.8571428571 1150.297363
1.673469388 -0.8571428571 1338.288696
1.755102041 -0.8571428571 1550.981323
1.836734694 -0.8571428571 1790.61377
1.918367347 -0.8571428571 2059.531006
2 -0.8571428571 2360.183594

-2 -0.7755102041 2289.549805
-1.918367347 -0.7755102041 1993.792847
-1.836734694 -0.7755102041 1729.553955
-1.755102041 -0.7755102041 1494.381836
-1.673469388 -0.7755102041 1285.932373
-1.591836735 -0.7755102041 1101.966553
-1.510204082 -0.7755102041 940.3533325
-1.428571429 -0.7755102041 799.0675049
-1.346938776 -0.7755102041 676.1907349
-1.265306122 -0.7755102041 569.911377
-1.183673469 -0.7755102041 478.5242615
-1.102040816 -0.7755102041 400.4302063
-1.020408163 -0.7755102041 334.1375732
-0.9387755102 -0.7755102041 278.2606812
-0.8571428571 -0.7755102041 231.5206146
-0.7755102041 -0.7755102041 192.7450104
-0.693877551 -0.7755102041 160.8681488
-0.612244898 -0.7755102041 134.9307709
-0.5306122449 -0.7755102041 114.0802612
-0.4489795918 -0.7755102041 97.57058716
-0.3673469388 -0.7755102041 84.76228333
-0.2857142857 -0.7755102041 75.12245178
-0.2040816327 -0.7755102041 68.22478485
-0.1224489796 -0.7755102041 63.74953842
-0.04081632653 -0.7755102041 61.48357391
0.04081632653 -0.7755102041 61.32030869
0.1224489796 -0.7755102041 63.25974274
0.2040816327 -0.7755102041 67.4084549
0.2857142857 -0.7755102041 73.97959137
0.3673469388 -0.7755102041 83.29290009
0.4489795918 -0.7755102041 95.77467346
0.5306122449 -0.7755102041 111.9578094
0.612244898 -0.7755102041 132.4817963
0.693877551 -0.7755102041 158.0926361
0.7755102041 -0.7755102041 189.6429749
0.8571428571 -0.7755102041 228.092041
0.9387755102 -0.7755102041 274.5055847
1.020408163 -0.7755102041 330.0559387
1.102040816 -0.7755102041 396.0220337
1.183673469 -0.7755102041 473.7895508
1.265306122 -0.7755102041 564.8501587
1.346938776 -0.7755102041 670.8029785
1.428571429 -0.7755102041 793.3532104
1.510204082 -0.7755102041 934.3125
1.591836735 -0.7755102041 1095.599121
1.673469388 -0.7755102041 1279.238525
1.755102041 -0.7755102041 1487.36145
1.836734694 -0.7755102041 1722.206909
1.918367347 -0.7755102041 1986.119385
2 -0.7755102041 2281.549805

-2 -0.693877551 2212.248779
-1.918367347 -0.693877551 1921.714111
-1.836734694 -0.693877551 1662.47998
-1.755102041 -0.693877551 1432.094849
-1.673469388 -0.693877551 1228.214966
-1.591836735 -0.693877551 1048.601074
-1.510204082 -0.693877551 891.1221924
-1.428571429 -0.693877551 753.7531128
-1.346938776 -0.693877551 634.5754395
-1.265306122 -0.693877551 531.77771
-1.183673469 -0.693877551 443.6544495
-1.102040816 -0.693877551 368.6067505
-1.020408163 -0.693877551 305.1428833
-0.9387755102 -0.693877551 251.8771362
-0.8571428571 -0.693877551 207.5306091
-0.7755102041 -0.693877551 170.9309692
-0.693877551 -0.693877551 141.0124817
-0.612244898 -0.693877551 116.8158798
-0.5306122449 -0.693877551 97.48854065
-0.4489795918 -0.693877551 82.28444672
-0.3673469388 -0.693877551 70.56411743
-0.2857142857 -0.693877551 61.79467773
-0.2040816327 -0.693877551 55.54979706
-0.1224489796 -0.693877551 51.50974274
-0.04081632653 -0.693877551 49.46137619
0.04081632653 -0.693877551 49.29811096
0.1224489796 -0.693877551 51.01994705
0.2040816327 -0.693877551 54.73347092
0.2857142857 -0.693877551 60.65182114
0.3673469388 -0.693877551 69.09473419
0.4489795918 -0.693877551 80.48853302
0.5306122449 -0.693877551 95.36608887
0.612244898 -0.693877551 114.3668976
0.693877551 -0.693877551 138.236969
0.7755102041 -0.693877551 167.8289337
0.8571428571 -0.693877551 204.1020355
0.9387755102 -0.693877551 248.1220398
1.020408163 -0.693877551 301.0612488
1.102040816 -0.693877551 364.1985779
1.183673469 -0.693877551 438.9197388
1.265306122 -0.693877551 526.7164917
1.346938776 -0.693877551 629.1876831
1.428571429 -0.693877551 748.0388184
1.510204082 -0.693877551 885.0813599
1.591836735 -0.693877551 1042.233643
1.673469388 -0.693877551 1221.521118
1.755102041 -0.693877551 1425.074463
1.836734694 -0.693877551 1655.132935
1.918367347 -0.693877551 1914.040649
2 -0.693877551 2204.248779

-2 -0.612244898 2136.280518
-1.918367347 -0.612244898 1850.96814
-1.836734694 -0.612244898 1596.738403
-1.755102041 -0.612244898 1371.140625
-1.673469388 -0.612244898 1171.830078
-1.591836735 -0.612244898 996.5681152
-1.510204082 -0.612244898 843.2236328
-1.428571429 -0.612244898 709.7713013
-1.346938776 -0.612244898 594.2929688
-1.265306122 -0.612244898 494.9767151
-1.183673469 -0.612244898 410.1173401
-1.102040816 -0.612244898 338.1160583
-1.020408163 -0.612244898 277.480896
-0.9387755102 -0.612244898 226.8263245
-0.8571428571 -0.612244898 184.8733978
-0.7755102041 -0.612244898 150.4497223
-0.693877551 -0.612244898 122.4896088
-0.612244898 -0.612244898 100.0337524
-0.5306122449 -0.612244898 82.22958374
-0.4489795918 -0.612244898 68.33106995
-0.3673469388 -0.612244898 57.69873047
-0.2857142857 -0.612244898 49.79967117
-0.2040816327 -0.612244898 44.20758057
-0.1224489796 -0.612244898 40.60272217
-0.04081632653 -0.612244898 38.77195358
0.04081632653 -0.612244898 38.60868835
0.1224489796 -0.612244898 40.11292648
0.2040816327 -0.612244898 43.39125443
0.2857142857 -0.612244898 48.65681458
0.3673469388 -0.612244898 56.22934341
0.4489795918 -0.612244898 66.53515625
0.5306122449 -0.612244898 80.10713196
0.612244898 -0.612244898 97.5847702
0.693877551 -0.612244898 119.7140961
0.7755102041 -0.612244898 147.3476868
0.8571428571 -0.612244898 181.4448242
0.9387755102 -0.612244898 223.071228
1.020408163 -0.612244898 273.3992615
1.102040816 -0.612244898 333.7078857
1.183673469 -0.612244898 405.3826294
1.265306122 -0.612244898 489.9154663
1.346938776 -0.612244898 588.9052124
1.428571429 -0.612244898 704.0570068
1.510204082 -0.612244898 837.1828003
1.591836735 -0.612244898 990.2008057
1.673469388 -0.612244898 1165.13623
1.755102041 -0.612244898 1364.120239
1.836734694 -0.612244898 1589.391357
1.918367347 -0.612244898 1843.294678
2 -0.612244898 2128.280518

-2 -0.5306122449 2061.644531
-1.918367347 -0.5306122449 1781.554932
-1.836734694 -0.5306122449 1532.329956
-1.755102041 -0.5306122449 1311.519287
-1.673469388 -0.5306122449 1116.778198
-1.591836735 -0.5306122449 945.868103
-1.510204082 -0.5306122449 796.65802
-1.428571429 -0.5306122449 667.1224365
-1.346938776 -0.5306122449 555.3432007
-1.265306122 -0.5306122449 459.5085144
-1.183673469 -0.5306122449 377.9130859
-1.102040816 -0.5306122449 308.9581299
-1.020408163 -0.5306122449 251.1517334
-0.9387755102 -0.5306122449 203.1083221
-0.8571428571 -0.5306122449 163.5489349
-0.7755102041 -0.5306122449 131.3012543
-0.693877551 -0.5306122449 105.2994766
-0.612244898 -0.5306122449 84.58440399
-0.5306122449 -0.5306122449 68.30341339
-0.4489795918 -0.5306122449 55.71047974
-0.3673469388 -0.5306122449 46.16611862
-0.2857142857 -0.5306122449 39.13744354
-0.2040816327 -0.5306122449 34.19814301
-0.1224489796 -0.5306122449 31.02847672
-0.04081632653 -0.5306122449 29.41530418
0.04081632653 -0.5306122449 29.25203896
0.1224489796 -0.5306122449 30.53868103
0.2040816327 -0.5306122449 33.38181686
0.2857142857 -0.5306122449 37.99458694
0.3673469388 -0.5306122449 44.69673157
0.4489795918 -0.5306122449 53.91456223
0.5306122449 -0.5306122449 66.18096161
0.612244898 -0.5306122449 82.13542175
0.693877551 -0.5306122449 102.5239639
0.7755102041 -0.5306122449 128.1992188
0.8571428571 -0.5306122449 160.1203613
0.9387755102 -0.5306122449 199.3532257
1.020408163 -0.5306122449 247.0700989
1.102040816 -0.5306122449 304.5499573
1.183673469 -0.5306122449 373.1783752
1.265306122 -0.5306122449 454.4472656
1.346938776 -0.5306122449 549.9554443
1.428571429 -0.5306122449 661.4081421
1.510204082 -0.5306122449 790.6171875
1.591836735 -0.5306122449 939.5007935
1.673469388 -0.5306122449 1110.084351
1.755102041 -0.5306122449 1304.498901
1.836734694 -0.5306122449 1524.98291
1.918367347 -0.5306122449 1773.88147
2 -0.5306122449 2053.644531

-2 -0.4489795918 1988.341675
-1.918367347 -0.4489795918 1713.473999
-1.836734694 -0.4489795918 1469.254272
-1.755102041 -0.4489795918 1253.230713
-1.673469388 -0.4489795918 1063.059204
-1.591836735 -0.4489795918 896.5009766
-1.510204082 -0.4489795918 751.4251709
-1.428571429 -0.4489795918 625.8063354
-1.346938776 -0.4489795918 517.7261353
-1.265306122 -0.4489795918 425.3731079
-1.183673469 -0.4489795918 347.0415955
-1.102040816 -0.4489795918 281.1329651
-1.020408163 -0.4489795918 226.155365
-0.9387755102 -0.4489795918 180.7230988
-0.8571428571 -0.4489795918 143.5572815
-0.7755102041 -0.4489795918 113.4855347
-0.693877551 -0.4489795918 89.44213867
-0.612244898 -0.4489795918 70.4678421
-0.5306122449 -0.4489795918 55.7100296
-0.4489795918 -0.4489795918 44.42266846
-0.3673469388 -0.4489795918 35.96628189
-0.2857142857 -0.4489795918 29.80799484
-0.2040816327 -0.4489795918 25.52148247
-0.1224489796 -0.4489795918 22.78701782
-0.04081632653 -0.4489795918 21.39144135
0.04081632653 -0.4489795918 21.22817612
0.1224489796 -0.4489795918 22.29722214
0.2040816327 -0.4489795918 24.70515633
0.2857142857 -0.4489795918 28.66513824
0.3673469388 -0.4489795918 34.49689484
0.4489795918 -0.4489795918 42.62675095
0.5306122449 -0.4489795918 53.58758163
0.612244898 -0.4489795918 68.01885986
0.693877551 -0.4489795918 86.66662598
0.7755102041 -0.4489795918 110.3834915
0.8571428571 -0.4489795918 140.1287079
0.9387755102 -0.4489795918 176.9680023
1.020408163 -0.4489795918 222.0737305
1.102040816 -0.4489795918 276.7247925
1.183673469 -0.4489795918 342.3068848
1.265306122 -0.4489795918 420.3118591
1.346938776 -0.4489795918 512.3383789
1.428571429 -0.4489795918 620.092041
1.510204082 -0.4489795918 745.3843384
1.591836735 -0.4489795918 890.133667
1.673469388 -0.4489795918 1056.365356
1.755102041 -0.4489795918 1246.210327
1.836734694 -0.4489795918 1461.907227
1.918367347 -0.4489795918 1705.800537
2 -0.4489795918 1980.341675

-2 -0.3673469388 1916.371704
-1.918367347 -0.3673469388 1646.726318
-1.836734694 -0.3673469388 1407.51123
-1.755102041 -0.3673469388 1196.274902
-1.673469388 -0.3673469388 1010.672913
-1.591836735 -0.3673469388 848.4666138
-1.510204082 -0.3673469388 707.5251465
-1.428571429 -0.3673469388 585.822998
-1.346938776 -0.3673469388 481.4419556
-1.265306122 -0.3673469388 392.5704346
-1.183673469 -0.3673469388 317.5028992
-1.102040816 -0.3673469388 254.6405945
-1.020408163 -0.3673469388 202.4917603
-0.9387755102 -0.3673469388 159.6706543
-0.8571428571 -0.3673469388 124.8983688
-0.7755102041 -0.3673469388 97.00260925
-0.693877551 -0.3673469388 74.91758728
-0.612244898 -0.3673469388 57.68405151
-0.5306122449 -0.3673469388 44.44940948
-0.4489795918 -0.3673469388 34.46763229
-0.3673469388 -0.3673469388 27.09923553
-0.2857142857 -0.3673469388 21.8113308
-0.2040816327 -0.3673469388 18.17760468
-0.1224489796 -0.3673469388 15.87833309
-0.04081632653 -0.3673469388 14.70035267
0.04081632653 -0.3673469388 14.53708744
0.1224489796 -0.3673469388 15.38853741
0.2040816327 -0.3673469388 17.36127853
0.2857142857 -0.3673469388 20.6684742
0.3673469388 -0.3673469388 25.62984657
0.4489795918 -0.3673469388 32.67171478
0.5306122449 -0.3673469388 42.32696152
0.612244898 -0.3673469388 55.23506927
0.693877551 -0.3673469388 72.14207458
0.7755102041 -0.3673469388 93.9005661
0.8571428571 -0.3673469388 121.4697952
0.9387755102 -0.3673469388 155.9155579
1.020408163 -0.3673469388 198.4101257
1.102040816 -0.3673469388 250.2324219
1.183673469 -0.3673469388 312.7681885
1.265306122 -0.3673469388 387.5091858
1.346938776 -0.3673469388 476.0541992
1.428571429 -0.3673469388 580.1087036
1.510204082 -0.3673469388 701.484314
1.591836735 -0.3673469388 842.0993042
1.673469388 -0.3673469388 1003.979004
1.755102041 -0.3673469388 1189.254517
1.836734694 -0.3673469388 1400.164185
1.918367347 -0.3673469388 1639.052856
2 -0.3673469388 1908.371704

-2 -0.2857142857 1845.734619
-1.918367347 -0.2857142857 1581.311646
-1.836734694 -0.2857142857 1347.101074
-1.755102041 -0.2857142857 1140.651855
-1.673469388 -0.2857142857 959.6192627
-1.591836735 -0.2857142857 801.7650146
-1.510204082 -0.2857142857 664.9578247
-1.428571429 -0.2857142857 547.1724243
-1.346938776 -0.2857142857 446.4905396
-1.265306122 -0.2857142857 361.1005554
-1.183673469 -0.2857142857 289.296936
-1.102040816 -0.2857142857 229.4810181
-1.020408163 -0.2857142857 180.1609039
-0.9387755102 -0.2857142857 139.9509583
-0.8571428571 -0.2857142857 107.5722656
-0.7755102041 -0.2857142857 81.85246277
-0.693877551 -0.2857142857 61.72579575
-0.612244898 -0.2857142857 46.23303604
-0.5306122449 -0.2857142857 34.52157211
-0.4489795918 -0.2857142857 25.84537506
-0.3673469388 -0.2857142857 19.56496048
-0.2857142857 -0.2857142857 15.147439
-0.2040816327 -0.2857142857 12.16650581
-0.1224489796 -0.2857142857 10.30242538
-0.04081632653 -0.2857142857 9.342041016
0.04081632653 -0.2857142857 9.178775787
0.1224489796 -0.2857142857 9.8126297
0.2040816327 -0.2857142857 11.35017872
0.2857142857 -0.2857142857 14.00458241
0.3673469388 -0.2857142857 18.09557152
0.4489795918 -0.2857142857 24.04945564
0.5306122449 -0.2857142857 32.39912415
0.612244898 -0.2857142857 43.7840538
0.693877551 -0.2857142857 58.95028687
0.7755102041 -0.2857142857 78.75041962
0.8571428571 -0.2857142857 104.143692
0.9387755102 -0.2857142857 136.1958618
1.020408163 -0.2857142857 176.0792694
1.102040816 -0.2857142857 225.0728455
1.183673469 -0.2857142857 284.5622253
1.265306122 -0.2857142857 356.0393066
1.346938776 -0.2857142857 441.1027832
1.428571429 -0.2857142857 541.4581299
1.510204082 -0.2857142857 658.9169922
1.591836735 -0.2857142857 795.3977051
1.673469388 -0.2857142857 952.925354
1.755102041 -0.2857142857 1133.63147
1.836734694 -0.2857142857 1339.754028
1.918367347 -0.2857142857 1573.638184
2 -0.2857142857 1837.734619

-2 -0.2040816327 1776.430176
-1.918367347 -0.2040816327 1517.22937
-1.836734694 -0.2040816327 1288.02356
-1.755102041 -0.2040816327 1086.361328
-1.673469388 -0.2040816327 909.8984375
-1.591836735 -0.2040816327 756.3960571
-1.510204082 -0.2040816327 623.7232666
-1.428571429 -0.2040816327 509.8546143
-1.346938776 -0.2040816327 412.8719177
-1.265306122 -0.2040816327 330.9634705
-1.183673469 -0.2040816327 262.4237976
-1.102040816 -0.2040816327 205.6542358
-1.020408163 -0.2040816327 159.1628723
-0.9387755102 -0.2040816327 121.5640717
-0.8571428571 -0.2040816327 91.57893372
-0.7755102041 -0.2040816327 68.03508759
-0.693877551 -0.2040816327 49.86678696
-0.612244898 -0.2040816327 36.11480713
-0.5306122449 -0.2040816327 25.92651939
-0.4489795918 -0.2040816327 18.55589867
-0.3673469388 -0.2040816327 13.36346149
-0.2857142857 -0.2040816327 9.816327095
-0.2040816327 -0.2040816327 7.488183022
-0.1224489796 -0.2040816327 6.059294224
-0.04081632653 -0.2040816327 5.316506863
0.04081632653 -0.2040816327 5.153241634
0.1224489796 -0.2040816327 5.569498539
0.2040816327 -0.2040816327 6.671855927
0.2857142857 -0.2040816327 8.673470497
0.3673469388 -0.2040816327 11.89407349
0.4489795918 -0.2040816327 16.75997925
0.5306122449 -0.2040816327 23.80407143
0.612244898 -0.2040816327 33.66582489
0.693877551 -0.2040816327 47.09127808
0.7755102041 -0.2040816327 64.93304443
0.8571428571 -0.2040816327 88.15036011
0.9387755102 -0.2040816327 117.8089676
1.020408163 -0.2040816327 155.0812378
1.102040816 -0.2040816327 201.2460632
1.183673469 -0.2040816327 257.6890869
1.265306122 -0.2040816327 325.9022217
1.346938776 -0.2040816327 407.4841614
1.428571429 -0.2040816327 504.1403503
1.510204082 -0.2040816327 617.6824341
1.591836735 -0.2040816327 750.0287476
1.673469388 -0.2040816327 903.2045288
1.755102041 -0.2040816327 1079.340942
1.836734694 -0.2040816327 1280.676514
1.918367347 -0.2040816327 1509.555908
2 -0.2040816327 1768.430176

-2 -0.1224489796 1708.458496
-1.918367347 -0.1224489796 1454.47998
-1.836734694 -0.1224489796 1230.278931
-1.755102041 -0.1224489796 1033.403809
-1.673469388 -0.1224489796 861.510437
-1.591836735 -0.1224489796 712.3599854
-1.510204082 -0.1224489796 583.8215332
-1.428571429 -0.1224489796 473.8695984
-1.346938776 -0.1224489796 380.5860901
-1.265306122 -0.1224489796 302.1590881
-1.183673469 -0.1224489796 236.8833923
-1.102040816 -0.1224489796 183.1602173
-1.020408163 -0.1224489796 139.4975586
-0.9387755102 -0.1224489796 104.5099411
-0.8571428571 -0.1224489796 76.91837311
-0.7755102041 -0.1224489796 55.55049133
-0.693877551 -0.1224489796 39.34056473
-0.612244898 -0.1224489796 27.32934761
-0.5306122449 -0.1224489796 18.66423798
-0.4489795918 -0.1224489796 12.59919262
-0.3673469388 -0.1224489796 8.494740486
-0.2857142857 -0.1224489796 5.817993164
-0.2040816327 -0.1224489796 4.14263773
-0.1224489796 -0.1224489796 3.148942232
-0.04081632653 -0.1224489796 2.623750687
0.04081632653 -0.1224489796 2.460485458
0.1224489796 -0.1224489796 2.659146309
0.2040816327 -0.1224489796 3.326311111
0.2857142857 -0.1224489796 4.675135612
0.3673469388 -0.1224489796 7.025352955
0.4489795918 -0.1224489796 10.80327415
0.5306122449 -0.1224489796 16.54179001
0.612244898 -0.1224489796 24.88036919
0.693877551 -0.1224489796 36.56505585
0.7755102041 -0.1224489796 52.448452
0.8571428571 -0.1224489796 73.4897995
0.9387755102 -0.1224489796 100.754837
1.020408163 -0.1224489796 135.4159241
1.102040816 -0.1224489796 178.7520447
1.183673469 -0.1224489796 232.1486969
1.265306122 -0.1224489796 297.0978394
1.346938776 -0.1224489796 375.1983337
1.428571429 -0.1224489796 468.1553345
1.510204082 -0.1224489796 577.7807007
1.591836735 -0.1224489796 705.9926758
1.673469388 -0.1224489796 854.8165283
1.755102041 -0.1224489796 1026.383423
1.836734694 -0.1224489796 1222.931885
1.918367347 -0.1224489796 1446.806519
2 -0.1224489796 1700.458496

-2 -0.04081632653 1641.81958
-1.918367347 -0.04081632653 1393.063477
-1.836734694 -0.04081632653 1173.867065
-1.755102041 -0.04081632653 981.7791138
-1.673469388 -0.04081632653 814.4552612
-1.591836735 -0.04081632653 669.6567383
-1.510204082 -0.04081632653 545.2525635
-1.428571429 -0.04081632653 439.2173767
-1.346938776 -0.04081632653 349.6329651
-1.265306122 -0.04081632653 274.687561
-1.183673469 -0.04081632653 212.6757965
-1.102040816 -0.04081632653 161.9989471
-1.020408163 -0.04081632653 121.1650848
-0.9387755102 -0.04081632653 88.78860474
-0.8571428571 -0.04081632653 63.5905838
-0.7755102041 -0.04081632653 44.39867783
-0.693877551 -0.04081632653 30.1471138
-0.612244898 -0.04081632653 19.87667084
-0.5306122449 -0.04081632653 12.73473549
-0.4489795918 -0.04081632653 7.975269318
-0.3673469388 -0.04081632653 4.958799362
-0.2857142857 -0.04081632653 3.152436495
-0.2040816327 -0.04081632653 2.129870892
-0.1224489796 -0.04081632653 1.571368098
-0.04081632653 -0.04081632653 1.263773084
0.04081632653 -0.04081632653 1.100507855
0.1224489796 -0.04081632653 1.081572294
0.2040816327 -0.04081632653 1.313544273
0.2857142857 -0.04081632653 2.00957942
0.3673469388 -0.04081632653 3.489411354
0.4489795918 -0.04081632653 6.179350853
0.5306122449 -0.04081632653 10.61228657
0.612244898 -0.04081632653 17.42769241
0.693877551 -0.04081632653 27.37160492
0.7755102041 -0.04081632653 41.29663849
0.8571428571 -0.04081632653 60.16201401
0.9387755102 -0.04081632653 85.03350067
1.020408163 -0.04081632653 117.0834579
1.102040816 -0.04081632653 157.5907745
1.183673469 -0.04081632653 207.9411011
1.265306122 -0.04081632653 269.6263123
1.346938776 -0.04081632653 344.2452087
1.428571429 -0.04081632653 433.5031128
1.510204082 -0.04081632653 539.211731
1.591836735 -0.04081632653 663.2894287
1.673469388 -0.04081632653 807.7613525
1.755102041 -0.04081632653 974.758728
1.836734694 -0.04081632653 1166.52002
1.918367347 -0.04081632653 1385.390015
2 -0.04081632653 1633.81958

-2 0.04081632653 1576.51355
-1.918367347 0.04081632653 1332.979736
-1.836734694 0.04081632653 1118.788086
-1.755102041 0.04081632653 931.4871826
-1.673469388 0.04081632653 768.7328491
-1.591836735 0.04081632653 628.2861938
-1.510204082 0.04081632653 508.0163574
-1.428571429 0.04081632653 405.8979492
-1.346938776 0.04081632653 320.0126648
-1.265306122 0.04081632653 248.5487976
-1.183673469 0.04081632653 189.8009796
-1.102040816 0.04081632653 142.1704865
-1.020408163 0.04081632653 104.1653595
-0.9387755102 0.04081632653 74.40005493
-0.8571428571 0.04081632653 51.59558868
-0.7755102041 0.04081632653 34.57964325
-0.693877551 0.04081632653 22.2864418
-0.612244898 0.04081632653 13.75677013
-0.5306122449 0.04081632653 8.138011932
-0.4489795918 0.04081632653 4.684123993
-0.3673469388 0.04081632653 2.755635738
-0.2857142857 0.04081632653 1.819658518
-0.2040816327 0.04081632653 1.44988203
-0.1224489796 0.04081632653 1.32657218
-0.04081632653 0.04081632653 1.236573577
0.04081632653 0.04081632653 1.073308349
0.1224489796 0.04081632653 0.8367763162
0.2040816327 0.04081632653 0.6335554123
0.2857142857 0.04081632653 0.6768013835
0.3673469388 0.04081632653 1.28624773
0.4489795918 0.04081632653 2.88820529
0.5306122449 0.04081632653 6.015563011
0.612244898 0.04081632653 11.30779076
0.693877551 0.04081632653 19.51093292
0.7755102041 0.04081632653 31.47760391
0.8571428571 0.04081632653 48.16701889
0.9387755102 0.04081632653 70.64495087
1.020408163 0.04081632653 100.0837326
1.102040816 0.04081632653 137.7623138
1.183673469 0.04081632653 185.0662842
1.265306122 0.04081632653 243.4875793
1.346938776 0.04081632653 314.6249084
1.428571429 0.04081632653 400.1836853
1.510204082 0.04081632653 501.9755554
1.591836735 0.04081632653 621.9188843
1.673469388 0.04081632653 762.0389404
1.755102041 0.04081632653 924.4667969
1.836734694 0.04081632653 1111.44104
1.918367347 0.04081632653 1325.306274
2 0.04081632653 1568.51355

-2 0.1224489796 1512.540283
-1.918367347 0.1224489796 1274.22876
-1.836734694 0.1224489796 1065.041748
-1.755102041 0.1224489796 882.5280151
-1.673469388 0.1224489796 724.3431396
-1.591836735 0.1224489796 588.2484741
-1.510204082 0.1224489796 472.1129761
-1.428571429 0.1224489796 373.9112854
-1.346938776 0.1224489796 291.7251282
-1.265306122 0.1224489796 223.7428284
-1.183673469 0.1224489796 168.2589417
-1.102040816 0.1224489796 123.6747589
-1.020408163 0.1224489796 88.49842072
-0.9387755102 0.1224489796 61.34426117
-0.8571428571 0.1224489796 40.93336105
-0.7755102041 0.1224489796 26.09338188
-0.693877551 0.1224489796 15.75855064
-0.612244898 0.1224489796 8.969650269
-0.5306122449 0.1224489796 4.874066353
-0.4489795918 0.1224489796 2.72575593
-0.3673469388 0.1224489796 1.885249853
-0.2857142857 0.1224489796 1.819658399
-0.2040816327 0.1224489796 2.102671385
-0.1224489796 0.1224489796 2.414554119
-0.04081632653 0.1224489796 2.542151928
0.04081632653 0.1224489796 2.3788867
0.1224489796 0.1224489796 1.924758196
0.2040816327 0.1224489796 1.286344767
0.2857142857 0.1224489796 0.6768013239
0.3673469388 0.1224489796 0.4158619046
0.4489795918 0.1224489796 0.9298375845
0.5306122449 0.1224489796 2.751616955
0.612244898 0.1224489796 6.520670414
0.693877551 0.1224489796 12.98303986
0.7755102041 0.1224489796 22.99134064
0.8571428571 0.1224489796 37.50479126
0.9387755102 0.1224489796 57.58916092
1.020408163 0.1224489796 84.41679382
1.102040816 0.1224489796 119.2666016
1.183673469 0.1224489796 163.5242462
1.265306122 0.1224489796 218.6816101
1.346938776 0.1224489796 286.3373718
1.428571429 0.1224489796 368.1970215
1.510204082 0.1224489796 466.0721741
1.591836735 0.1224489796 581.8811646
1.673469388 0.1224489796 717.649231
1.755102041 0.1224489796 875.5076294
1.836734694 0.1224489796 1057.694702
1.918367347 0.1224489796 1266.555298
2 0.1224489796 1504.540283

-2 0.2040816327 1449.899658
-1.918367347 0.2040816327 1216.810425
-1.836734694 0.2040816327 1012.628113
-1.755102041 0.2040816327 834.9016113
-1.673469388 0.2040816327 681.2863159
-1.591836735 0.2040816327 549.5435791
-1.510204082 0.2040816327 437.5423279
-1.428571429 0.2040816327 343.2573853
-1.346938776 0.2040816327 264.7703552
-1.265306122 0.2040816327 200.269577
-1.183673469 0.2040816327 148.0496521
-1.102040816 0.2040816327 106.5118561
-1.020408163 0.2040816327 74.16425323
-0.9387755102 0.2040816327 49.62125015
-0.8571428571 0.2040816327 31.60391426
-0.7755102041 0.2040816327 18.93989944
-0.693877551 0.2040816327 10.5634346
-0.612244898 0.2040816327 5.515306473
-0.5306122449 0.2040816327 2.942898273
-0.4489795918 0.2040816327 2.100166321
-0.3673469388 0.2040816327 2.347642183
-0.2857142857 0.2040816327 3.152436495
-0.2040816327 0.2040816327 4.088238716
-0.1224489796 0.2040816327 4.835314274
-0.04081632653 0.2040816327 5.180508614
0.04081632653 0.2040816327 5.017243385
0.1224489796 0.2040816327 4.345518112
0.2040816327 0.2040816327 3.271912098
0.2857142857 0.2040816327 2.00957942
0.3673469388 0.2040816327 0.8782542348
0.4489795918 0.2040816327 0.3042479455
0.5306122449 0.2040816327 0.8204492331
0.612244898 0.2040816327 3.066326857
0.693877551 0.2040816327 7.787924767
0.7755102041 0.2040816327 15.83785915
0.8571428571 0.2040816327 28.17534256
0.9387755102 0.2040816327 45.8661499
1.020408163 0.2040816327 70.08262634
1.102040816 0.2040816327 102.1036911
1.183673469 0.2040816327 143.3149567
1.265306122 0.2040816327 195.2083588
1.346938776 0.2040816327 259.3825989
1.428571429 0.2040816327 337.5431213
1.510204082 0.2040816327 431.5015259
1.591836735 0.2040816327 543.1762695
1.673469388 0.2040816327 674.5924072
1.755102041 0.2040816327 827.8812256
1.836734694 0.2040816327 1005.281189
1.918367347 0.2040816327 1209.136963
2 0.2040816327 1441.899658

-2 0.2857142857 1388.591797
-1.918367347 0.2857142857 1160.724854
-1.836734694 0.2857142857 961.5473022
-1.755102041 0.2857142857 788.6079102
-1.673469388 0.2857142857 639.5620728
-1.591836735 0.2857142857 512.1712646
-1.510204082 0.2857142857 404.3044739
-1.428571429 0.2857142857 313.9362488
-1.346938776 0.2857142857 239.148407
-1.265306122 0.2857142857 178.1291504
-1.183673469 0.2857142857 129.173172
-1.102040816 0.2857142857 90.68173218
-1.020408163 0.2857142857 61.16287994
-0.9387755102 0.2857142857 39.2310257
-0.8571428571 0.2857142857 23.60724831
-0.7755102041 0.2857142857 13.11919594
-0.693877551 0.2857142857 6.701097488
-0.612244898 0.2857142857 3.393740892
-0.5306122449 0.2857142857 2.344508648
-0.4489795918 0.2857142857 2.807354927
-0.3673469388 0.2857142857 4.142812729
-0.2857142857 0.2857142857 5.817993164
-0.2040816327 0.2857142857 7.406583786
-0.1224489796 0.2857142857 8.588852882
-0.04081632653 0.2857142857 9.151643753
0.04081632653 0.2857142857 8.988378525
0.1224489796 0.2857142857 8.099056244
0.2040816327 0.2857142857 6.590257645
0.2857142857 0.2857142857 4.675135612
0.3673469388 0.2857142857 2.673424721
0.4489795918 0.2857142857 1.011436582
0.5306122449 0.2857142857 0.2220595628
0.612244898 0.2857142857 0.9447614551
0.693877551 0.2857142857 3.925586939
0.7755102041 0.2857142857 10.01715565
0.8571428571 0.2857142857 20.17867661
0.9387755102 0.2857142857 35.47592545
1.020408163 0.2857142857 57.08124542
1.102040816 0.2857142857 86.2735672
1.183673469 0.2857142857 124.4384766
1.265306122 0.2857142857 173.0679321
1.346938776 0.2857142857 233.7606506
1.428571429 0.2857142857 308.2219849
1.510204082 0.2857142857 398.2636719
1.591836735 0.2857142857 505.8039551
1.673469388 0.2857142857 632.8681641
1.755102041 0.2857142857 781.5875244
1.836734694 0.2857142857 954.2003784
1.918367347 0.2857142857 1153.051392
2 0.2857142857 1380.591797

-2 0.3673469388 1328.616821
-1.918367347 0.3673469388 1105.972168
-1.836734694 0.3673469388 911.7993164
-1.755102041 0.3673469388 743.6470337
-1.673469388 0.3673469388 599.1707764
-1.591836735 0.3673469388 476.131958
-1.510204082 0.3673469388 372.3993835
-1.428571429 0.3673469388 285.9479065
-1.346938776 0.3673469388 214.8592224
-1.265306122 0.3673469388 157.3214874
-1.183673469 0.3673469388 111.6294403
-1.102040816 0.3673469388 76.18437195
-1.020408163 0.3673469388 49.49427032
-0.9387755102 0.3673469388 30.17357254
-0.8571428571 0.3673469388 16.94335747
-0.7755102041 0.3673469388 8.631271362
-0.693877551 0.3673469388 4.171539307
-0.612244898 0.3673469388 2.604953766
-0.5306122449 0.3673469388 3.078896999
-0.4489795918 0.3673469388 4.84732151
-0.3673469388 0.3673469388 7.270761013
-0.2857142857 0.3673469388 9.816325188
-0.2040816327 0.3673469388 12.05770779
-0.1224489796 0.3673469388 13.67516804
-0.04081632653 0.3673469388 14.45555592
0.04081632653 0.3673469388 14.29229069
0.1224489796 0.3673469388 13.18537235
0.2040816327 0.3673469388 11.24138069
0.2857142857 0.3673469388 8.67346859
0.3673469388 0.3673469388 5.801373005
0.4489795918 0.3673469388 3.051402807
0.5306122449 0.3673469388 0.9564478397
0.612244898 0.3673469388 0.1559743583
0.693877551 0.3673469388 1.396028757
0.7755102041 0.3673469388 5.529230118
0.8571428571 0.3673469388 13.51478672
0.9387755102 0.3673469388 26.41847038
1.020408163 0.3673469388 45.4126358
1.102040816 0.3673469388 71.77620697
1.183673469 0.3673469388 106.8947449
1.265306122 0.3673469388 152.2602692
1.346938776 0.3673469388 209.4714661
1.428571429 0.3673469388 280.2336426
1.510204082 0.3673469388 366.3585815
1.591836735 0.3673469388 469.7646179
1.673469388 0.3673469388 592.4768677
1.755102041 0.3673469388 736.6266479
1.836734694 0.3673469388 904.4523926
1.918367347 0.3673469388 1098.298706
2 0.3673469388 1320.616821

-2 0.4489795918 1269.974609
-1.918367347 0.4489795918 1052.552246
-1.836734694 0.4489795918 863.3842163
-1.755102041 0.4489795918 700.0189819
-1.673469388 0.4489795918 560.1122437
-1.591836735 0.4489795918 441.4253235
-1.510204082 0.4489795918 341.8270874
-1.428571429 0.4489795918 259.2923584
-1.346938776 0.4489795918 191.902771
-1.265306122 0.4489795918 137.8466034
-1.183673469 0.4489795918 95.41851807
-1.102040816 0.4489795918 63.01978302
-1.020408163 0.4489795918 39.15843582
-0.9387755102 0.4489795918 22.44890213
-0.8571428571 0.4489795918 11.61224556
-0.7755102041 0.4489795918 5.47612381
-0.693877551 0.4489795918 2.974758387
-0.612244898 0.4489795918 3.148944378
-0.5306122449 0.4489795918 5.146062851
-0.4489795918 0.4489795918 8.220065117
-0.3673469388 0.4489795918 11.73148632
-0.2857142857 0.4489795918 15.147439
-0.2040816327 0.4489795918 18.0416069
-0.1224489796 0.4489795918 20.09426117
-0.04081632653 0.4489795918 21.0922451
0.04081632653 0.4489795918 20.92897987
0.1224489796 0.4489795918 19.60446548
0.2040816327 0.4489795918 17.22528076
0.2857142857 0.4489795918 14.00458241
0.3673469388 0.4489795918 10.26209831
0.4489795918 0.4489795918 6.424147129
0.5306122449 0.4489795918 3.02361393
0.612244898 0.4489795918 0.6999649405
0.693877551 0.4489795918 0.1992481947
0.7755102041 0.4489795918 2.374083281
0.8571428571 0.4489795918 8.183674812
0.9387755102 0.4489795918 18.69379997
1.020408163 0.4489795918 35.0768013
1.102040816 0.4489795918 58.61162186
1.183673469 0.4489795918 90.68382263
1.265306122 0.4489795918 132.7853851
1.346938776 0.4489795918 186.5150146
1.428571429 0.4489795918 253.5780792
1.510204082 0.4489795918 335.7862854
1.591836735 0.4489795918 435.0579834
1.673469388 0.4489795918 553.418335
1.755102041 0.4489795918 692.9985962
1.836734694 0.4489795918 856.0372925
1.918367347 0.4489795918 1044.878784
2 0.4489795918 1261.974609

-2 0.5306122449 1212.665161
-1.918367347 0.5306122449 1000.465149
-1.836734694 0.5306122449 816.3017578
-1.755102041 0.5306122449 657.7236938
-1.673469388 0.5306122449 522.3864746
-1.591836735 0.5306122449 408.0514832
-1.510204082 0.5306122449 312.5875854
-1.428571429 0.5306122449 233.9696045
-1.346938776 0.5306122449 170.2791443
-1.265306122 0.5306122449 119.7045212
-1.183673469 0.5306122449 80.54036713
-1.102040816 0.5306122449 51.18798447
-1.020408163 0.5306122449 30.15538788
-0.9387755102 0.5306122449 16.05700684
-0.8571428571 0.5306122449 7.613912106
-0.7755102041 0.5306122449 3.653754711
-0.693877551 0.5306122449 3.110755682
-0.612244898 0.5306122449 5.025712967
-0.5306122449 0.5306122449 8.546007156
-0.4489795918 0.5306122449 12.9255867
-0.3673469388 0.5306122449 17.52499008
-0.2857142857 0.5306122449 21.81132507
-0.2040816327 0.5306122449 25.3582859
-0.1224489796 0.5306122449 27.84613419
-0.04081632653 0.5306122449 29.06171417
0.04081632653 0.5306122449 28.89844894
0.1224489796 0.5306122449 27.3563385
0.2040816327 0.5306122449 24.54195976
0.2857142857 0.5306122449 20.66846848
0.3673469388 0.5306122449 16.05560303
0.4489795918 0.5306122449 11.12966824
0.5306122449 0.5306122449 6.423557758
0.612244898 0.5306122449 2.576733351
0.693877551 0.5306122449 0.3352453113
0.7755102041 0.5306122449 0.5517137647
0.8571428571 0.5306122449 4.185340405
0.9387755102 0.5306122449 12.30190468
1.020408163 0.5306122449 26.07375526
1.102040816 0.5306122449 46.7798233
1.183673469 0.5306122449 75.80567169
1.265306122 0.5306122449 114.6432953
1.346938776 0.5306122449 164.8913879
1.428571429 0.5306122449 228.2553101
1.510204082 0.5306122449 306.5467834
1.591836735 0.5306122449 401.6841431
1.673469388 0.5306122449 515.6925659
1.755102041 0.5306122449 650.7033081
1.836734694 0.5306122449 808.954834
1.918367347 0.5306122449 992.791687
2 0.5306122449 1204.665161

-2 0.612244898 1156.688477
-1.918367347 0.612244898 949.7108154
-1.836734694 0.612244898 770.552124
-1.755102041 0.612244898 616.7612305
-1.673469388 0.612244898 485.9934692
-1.591836735 0.612244898 376.010437
-1.510204082 0.612244898 284.6808777
-1.428571429 0.612244898 209.979599
-1.346938776 0.612244898 149.988266
-1.265306122 0.612244898 102.8952026
-1.183673469 0.612244898 66.99497986
-1.102040816 0.612244898 40.68895721
-1.020408163 0.612244898 22.48511124
-0.9387755102 0.612244898 10.99788761
-0.8571428571 0.612244898 4.948355198
-0.7755102041 0.612244898 3.164162874
-0.693877551 0.612244898 4.579531193
-0.612244898 0.612244898 8.23526001
-0.5306122449 0.612244898 13.27873039
-0.4489795918 0.612244898 18.96389008
-0.3673469388 0.612244898 24.65127373
-0.2857142857 0.612244898 29.80799484
-0.2040816327 0.612244898 34.00774384
-0.1224489796 0.612244898 36.93078995
-0.04081632653 0.612244898 38.36396408
0.04081632653 0.612244898 38.20069885
0.1224489796 0.612244898 36.44099426
0.2040816327 0.612244898 33.19141769
0.2857142857 0.612244898 28.66513824
0.3673469388 0.612244898 23.18188477
0.4489795918 0.612244898 17.16797066
0.5306122449 0.612244898 11.15628052
0.612244898 0.612244898 5.786280632
0.693877551 0.612244898 1.804020882
0.7755102041 0.612244898 0.06212208048
0.8571428571 0.612244898 1.519783497
0.9387755102 0.612244898 7.242785454
1.020408163 0.612244898 18.40347862
1.102040816 0.612244898 36.28079605
1.183673469 0.612244898 62.26028824
1.265306122 0.612244898 97.83397675
1.346938776 0.612244898 144.6005096
1.428571429 0.612244898 204.2653046
1.510204082 0.612244898 278.6400757
1.591836735 0.612244898 369.6430969
1.673469388 0.612244898 479.2995911
1.755102041 0.612244898 609.7408447
1.836734694 0.612244898 763.2052002
1.918367347 0.612244898 942.0373535
2 0.612244898 1148.688477

-2 0.693877551 1102.044434
-1.918367347 0.693877551 900.2891235
-1.836734694 0.693877551 726.1351318
-1.755102041 0.693877551 577.1314697
-1.673469388 0.693877551 450.933136
-1.591836735 0.693877551 345.302124
-1.510204082 0.693877551 258.1068726
-1.428571429 0.693877551 187.3223572
-1.346938776 0.693877551 131.0301971
-1.265306122 0.693877551 87.4186554
-1.183673469 0.693877551 54.78237534
-1.102040816 0.693877551 31.52270889
-1.020408163 0.693877551 16.14761543
-0.9387755102 0.693877551 7.271548271
-0.8571428571 0.693877551 3.615576982
-0.7755102041 0.693877551 4.007349968
-0.693877551 0.693877551 7.381085396
-0.612244898 0.693877551 12.77758694
-0.5306122449 0.693877551 19.34423065
-0.4489795918 0.693877551 26.33497047
-0.3673469388 0.693877551 33.1103363
-0.2857142857 0.693877551 39.13744354
-0.2040816327 0.693877551 43.98997879
-0.1224489796 0.693877551 47.34822083
-0.04081632653 0.693877551 48.99899292
0.04081632653 0.693877551 48.83572769
0.1224489796 0.693877551 46.85842514
0.2040816327 0.693877551 43.17365265
0.2857142857 0.693877551 37.99458694
0.3673469388 0.693877551 31.64094734
0.4489795918 0.693877551 24.53905106
0.5306122449 0.693877551 17.22178268
0.612244898 0.693877551 10.32860756
0.693877551 0.693877551 4.605575085
0.7755102041 0.693877551 0.9053090811
0.8571428571 0.693877551 0.1870052516
0.9387755102 0.693877551 3.516446114
1.020408163 0.693877551 12.06598377
1.102040816 0.693877551 27.11454582
1.183673469 0.693877551 50.04768372
1.265306122 0.693877551 82.3574295
1.346938776 0.693877551 125.6424484
1.428571429 0.693877551 181.6080627
1.510204082 0.693877551 252.0660706
1.591836735 0.693877551 338.9347839
1.673469388 0.693877551 444.2392578
1.755102041 0.693877551 570.111084
1.836734694 0.693877551 718.788208
1.918367347 0.693877551 892.6156616
2 0.693877551 1094.044434

-2 0.7755102041 1048.733398
-1.918367347 0.7755102041 852.2003784
-1.836734694 0.7755102041 683.0510864
-1.755102041 0.7755102041 538.8345337
-1.673469388 0.7755102041 417.2057495
-1.591836735 0.7755102041 315.9266052
-1.510204082 0.7755102041 232.8656921
-1.428571429 0.7755102041 165.9979248
-1.346938776 0.7755102041 113.4048843
-1.265306122 0.7755102041 73.27488708
-1.183673469 0.7755102041 43.90256119
-1.102040816 0.7755102041 23.68924332
-1.020408163 0.7755102041 11.14290047
-0.9387755102 0.7755102041 4.877988338
-0.8571428571 0.7755102041 3.615576982
-0.7755102041 0.7755102041 6.18331337
-0.693877551 0.7755102041 11.51541519
-0.612244898 0.7755102041 18.65268517
-0.5306122449 0.7755102041 26.74250793
-0.4489795918 0.7755102041 35.03881836
-0.3673469388 0.7755102041 42.90216827
-0.2857142857 0.7755102041 49.79966354
-0.2040816327 0.7755102041 55.30498886
-0.1224489796 0.7755102041 59.09841919
-0.04081632653 0.7755102041 60.96678925
0.04081632653 0.7755102041 60.80352402
0.1224489796 0.7755102041 58.6086235
0.2040816327 0.7755102041 54.48866272
0.2857142857 0.7755102041 48.65680695
0.3673469388 0.7755102041 41.43278122
0.4489795918 0.7755102041 33.24290085
0.5306122449 0.7755102041 24.62005997
0.612244898 0.7755102041 16.20370674
0.693877551 0.7755102041 8.739904404
0.7755102041 0.7755102041 3.08127284
0.8571428571 0.7755102041 0.1870052516
0.9387755102 0.7755102041 1.122886062
1.020408163 0.7755102041 7.06126833
1.102040816 0.7755102041 19.28108025
1.183673469 0.7755102041 39.16786957
1.265306122 0.7755102041 68.21366119
1.346938776 0.7755102041 108.0171356
1.428571429 0.7755102041 160.2836304
1.510204082 0.7755102041 226.8248901
1.591836735 0.7755102041 309.5592651
1.673469388 0.7755102041 410.5118713
1.755102041 0.7755102041 531.8141479
1.836734694 0.7755102041 675.7041626
1.918367347 0.7755102041 844.5269165
2 0.7755102041 1040.733398

-2 0.8571428571 996.7550049
-1.918367347 0.8571428571 805.4443359
-1.836734694 0.8571428571 641.2998047
-1.755102041 0.8571428571 501.8702393
-1.673469388 0.8571428571 384.8110657
-1.591836735 0.8571428571 287.8838501
-1.510204082 0.8571428571 208.9572754
-1.428571429 0.8571428571 146.0062256
-1.346938776 0.8571428571 97.11235809
-1.265306122 0.8571428571 60.46389771
-1.183673469 0.8571428571 34.35551834
-1.102040816 0.8571428571 17.18854904
-1.020408163 0.8571428571 7.470959663
-0.9387755102 0.8571428571 3.817204952
-0.8571428571 0.8571428571 4.948355198
-0.7755102041 0.8571428571 9.692056656
-0.693877551 0.8571428571 16.98252487
-0.612244898 0.8571428571 25.860569
-0.5306122449 0.8571428571 35.47356415
-0.4489795918 0.8571428571 45.07545853
-0.3673469388 0.8571428571 54.0267868
-0.2857142857 0.8571428571 61.79466629
-0.2040816327 0.8571428571 67.95278168
-0.1224489796 0.8571428571 72.18141174
-0.04081632653 0.8571428571 74.26737213
0.04081632653 0.8571428571 74.10411072
0.1224489796 0.8571428571 71.69161224
0.2040816327 0.8571428571 67.13645172
0.2857142857 0.8571428571 60.65180969
0.3673469388 0.8571428571 52.55739975
0.4489795918 0.8571428571 43.27954102
0.5306122449 0.8571428571 33.35111618
0.612244898 0.8571428571 23.41159058
0.693877551 0.8571428571 14.20701504
0.7755102041 0.8571428571 6.590015888
0.8571428571 0.8571428571 1.519783497
0.9387755102 0.8571428571 0.06210271642
1.020408163 0.8571428571 3.389327526
1.102040816 0.8571428571 12.78038692
1.183673469 0.8571428571 29.62082291
1.265306122 0.8571428571 55.40267563
1.346938776 0.8571428571 91.72460938
1.428571429 0.8571428571 140.2919312
1.510204082 0.8571428571 202.9164581
1.591836735 0.8571428571 281.51651
1.673469388 0.8571428571 378.1171875
1.755102041 0.8571428571 494.8498535
1.836734694 0.8571428571 633.9528809
1.918367347 0.8571428571 797.770874
2 0.8571428571 988.7550049

-2 0.9387755102 946.1095581
-1.918367347 0.9387755102 760.0211182
-1.836734694 0.9387755102 600.8812866
-1.755102041 0.9387755102 466.2388916
-1.673469388 0.9387755102 353.7492065
-1.591836735 0.9387755102 261.1738892
-1.510204082 0.9387755102 186.3816528
-1.428571429 0.9387755102 127.3473434
-1.346938776 0.9387755102 82.15260315
-1.265306122 0.9387755102 48.98567963
-1.183673469 0.9387755102 26.1412468
-1.102040816 0.9387755102 12.0206356
-1.020408163 0.9387755102 5.131798744
-0.9387755102 0.9387755102 4.08920002
-0.8571428571 0.9387755102 7.613912106
-0.7755102041 0.9387755102 14.53357887
-0.693877551 0.9387755102 23.78241539
-0.612244898 0.9387755102 34.40122986
-0.5306122449 0.9387755102 45.53739929
-0.4489795918 0.9387755102 56.44487381
-0.3673469388 0.9387755102 66.48418427
-0.2857142857 0.9387755102 75.12245178
-0.2040816327 0.9387755102 81.93335724
-0.1224489796 0.9387755102 86.5971756
-0.04081632653 0.9387755102 88.90073395
0.04081632653 0.9387755102 88.73747253
0.1224489796 0.9387755102 86.1073761
0.2040816327 0.9387755102 81.11702728
0.2857142857 0.9387755102 73.97959137
0.3673469388 0.9387755102 65.01480103
0.4489795918 0.9387755102 54.6489563
0.5306122449 0.9387755102 43.41495132
0.612244898 0.9387755102 31.95225143
0.693877551 0.9387755102 21.00690651
0.7755102041 0.9387755102 11.43153858
0.8571428571 0.9387755102 4.185340405
0.9387755102 0.9387755102 0.3340980113
1.020408163 0.9387755102 1.05016613
1.102040816 0.9387755102 7.612472057
1.183673469 0.9387755102 21.40655327
1.265306122 0.9387755102 43.92445755
1.346938776 0.9387755102 76.76485443
1.428571429 0.9387755102 121.6330566
1.510204082 0.9387755102 180.3408508
1.591836735 0.9387755102 254.8065491
1.673469388 0.9387755102 347.0553284
1.755102041 0.9387755102 459.2185059
1.836734694 0.9387755102 593.5343628
1.918367347 0.9387755102 752.3476562
2 0.9387755102 938.1095581

-2 1.020408163 896.7967529
-1.918367347 1.020408163 715.9306641
-1.836734694 1.020408163 561.7955933
-1.755102041 1.020408163 431.9402161
-1.673469388 1.020408163 324.0201111
-1.591836735 1.020408163 235.7967224
-1.510204082 1.020408163 165.1388245
-1.428571429 1.020408163 110.0212402
-1.346938776 1.020408163 68.5256424
-1.265306122 1.020408163 38.84025192
-1.183673469 1.020408163 19.25976181
-1.102040816 1.020408163 8.185501099
-1.020408163 1.020408163 4.125415802
-0.9387755102 1.020408163 5.693972588
-0.8571428571 1.020408163 11.61224365
-0.7755102041 1.020408163 20.7078743
-0.693877551 1.020408163 31.91507912
-0.612244898 1.020408163 44.27466583
-0.5306122449 1.020408163 56.93400574
-0.4489795918 1.020408163 69.14705658
-0.3673469388 1.020408163 80.2743454
-0.2857142857 1.020408163 89.78299713
-0.2040816327 1.020408163 97.24669647
-0.1224489796 1.020408163 102.3457031
-0.04081632653 1.020408163 104.8668671
0.04081632653 1.020408163 104.7036057
0.1224489796 1.020408163 101.8559036
0.2040816327 1.020408163 96.43036652
0.2857142857 1.020408163 88.64013672
0.3673469388 1.020408163 78.80496216
0.4489795918 1.020408163 67.35114288
0.5306122449 1.020408163 54.81155777
0.612244898 1.020408163 41.82568359
0.693877551 1.020408163 29.13957024
0.7755102041 1.020408163 17.60583305
0.8571428571 1.020408163 8.183672905
0.9387755102 1.020408163 1.938870192
1.020408163 1.020408163 0.04378318414
1.102040816 1.020408163 3.777338505
1.183673469 1.020408163 14.52506924
1.265306122 1.020408163 33.77902985
1.346938776 1.020408163 63.13788986
1.428571429 1.020408163 104.3069534
1.510204082 1.020408163 159.0980072
1.591836735 1.020408163 229.4293671
1.673469388 1.020408163 317.3262329
1.755102041 1.020408163 424.9198303
1.836734694 1.020408163 554.4486694
1.918367347 1.020408163 708.2572021
2 1.020408163 888.7967529

-2 1.102040816 848.8167725
-1.918367347 1.102040816 673.1729736
-1.836734694 1.102040816 524.0426025
-1.755102041 1.102040816 398.9743958
-1.673469388 1.102040816 295.6237793
-1.591836735 1.102040816 211.7523499
-1.510204082 1.102040816 145.2287598
-1.428571429 1.102040816 94.02790833
-1.346938776 1.102040816 56.23145294
-1.265306122 1.102040816 30.02760315
-1.183673469 1.102040816 13.71105385
-1.102040816 1.102040816 5.683145523
-1.020408163 1.102040816 4.451809406
-0.9387755102 1.102040816 8.631521225
-0.8571428571 1.102040816 16.94335365
-0.7755102041 1.102040816 28.21494675
-0.693877551 1.102040816 41.38051605
-0.612244898 1.102040816 55.48087311
-0.5306122449 1.102040816 69.66339111
-0.4489795918 1.102040816 83.18202209
-0.3673469388 1.102040816 95.39729309
-0.2857142857 1.102040816 105.7763443
-0.2040816327 1.102040816 113.892807
-0.1224489796 1.102040816 119.4270096
-0.04081632653 1.102040816 122.1657715
0.04081632653 1.102040816 122.0025101
0.1224489796 1.102040816 118.9372101
0.2040816327 1.102040816 113.0764771
0.2857142857 1.102040816 104.6334839
0.3673469388 1.102040816 93.92790985
0.4489795918 1.102040816 81.3861084
0.5306122449 1.102040816 67.54093933
0.612244898 1.102040816 53.03189087
0.693877551 1.102040816 38.60500717
0.7755102041 1.102040816 25.1129055
0.8571428571 1.102040816 13.51478291
0.9387755102 1.102040816 4.876419067
1.020408163 1.102040816 0.3701770902
1.102040816 1.102040816 1.274982333
1.183673469 1.102040816 8.976361275
1.265306122 1.102040816 24.96637917
1.346938776 1.102040816 50.84369659
1.428571429 1.102040816 88.31362152
1.510204082 1.102040816 139.1879425
1.591836735 1.102040816 205.3849945
1.673469388 1.102040816 288.9299011
1.755102041 1.102040816 391.95401
1.836734694 1.102040816 516.6956787
1.918367347 1.102040816 665.4995117
2 1.102040816 840.8167725

-2 1.183673469 802.1695557
-1.918367347 1.183673469 631.7480469
-1.836734694 1.183673469 487.622406
-1.755102041 1.183673469 367.3413086
-1.673469388 1.183673469 268.5601807
-1.591836735 1.183673469 189.0406952
-1.510204082 1.183673469 126.6514359
-1.428571429 1.183673469 79.36733246
-1.346938776 1.183673469 45.27002716
-1.265306122 1.183673469 22.54771614
-1.183673469 1.183673469 9.495117188
-1.102040816 1.183673469 4.513564587
-1.020408163 1.183673469 6.110983849
-0.9387755102 1.183673469 12.90185356
-0.8571428571 1.183673469 23.60725021
-0.7755102041 1.183673469 37.05480957
-0.693877551 1.183673469 52.1787529
-0.612244898 1.183673469 68.0198822
-0.5306122449 1.183673469 83.72557068
-0.4489795918 1.183673469 98.5497818
-0.3673469388 1.183673469 111.8530197
-0.2857142857 1.183673469 123.1024704
-0.2040816327 1.183673469 131.8717194
-0.1224489796 1.183673469 137.8411255
-0.04081632653 1.183673469 140.7974854
0.04081632653 1.183673469 140.6342163
0.1224489796 1.183673469 137.3513336
0.2040816327 1.183673469 131.0553894
0.2857142857 1.183673469 121.95961
0.3673469388 1.183673469 110.3836365
0.4489795918 1.183673469 96.7538681
0.5306122449 1.183673469 81.6031189
0.612244898 1.183673469 65.57089996
0.693877551 1.183673469 49.40324402
0.7755102041 1.183673469 33.95277023
0.8571428571 1.183673469 20.17867851
0.9387755102 1.183673469 9.146752357
1.020408163 1.183673469 2.029351234
1.102040816 1.183673469 0.1054018363
1.183673469 1.183673469 4.760424137
1.265306122 1.183673469 17.48649216
1.346938776 1.183673469 39.88227081
1.428571429 1.183673469 73.65304565
1.510204082 1.183673469 120.6106186
1.591836735 1.183673469 182.6733398
1.673469388 1.183673469 261.8663025
1.755102041 1.183673469 360.3209229
1.836734694 1.183673469 480.2754822
1.918367347 1.183673469 624.074585
2 1.183673469 794.1695557

-2 1.265306122 756.8551636
-1.918367347 1.265306122 591.6560059
-1.836734694 1.265306122 452.5350037
-1.755102041 1.265306122 337.0410156
-1.673469388 1.265306122 242.8294525
-1.591836735 1.265306122 167.66185
-1.510204082 1.265306122 109.406929
-1.428571429 1.265306122 66.03956604
-1.346938776 1.265306122 35.64139175
-1.265306122 1.265306122 16.40062332
-1.183673469 1.265306122 6.611965179
-1.102040816 1.265306122 4.676763535
-1.020408163 1.265306122 9.10293293
-0.9387755102 1.265306122 18.50495911
-0.8571428571 1.265306122 31.60391426
-0.7755102041 1.265306122 47.22743607
-0.693877551 1.265306122 64.30974579
-0.612244898 1.265306122 81.89164734
-0.5306122449 1.265306122 99.12051392
-0.4489795918 1.265306122 115.2502899
-0.3673469388 1.265306122 129.6415253
-0.2857142857 1.265306122 141.7613678
-0.2040816327 1.265306122 151.1834106
-0.1224489796 1.265306122 157.5879822
-0.04081632653 1.265306122 160.7619476
0.04081632653 1.265306122 160.5986786
0.1224489796 1.265306122 157.0981903
0.2040816327 1.265306122 150.3670807
0.2857142857 1.265306122 140.618515
0.3673469388 1.265306122 128.1721344
0.4489795918 1.265306122 113.4543762
0.5306122449 1.265306122 96.99806213
0.612244898 1.265306122 79.4426651
0.693877551 1.265306122 61.53423309
0.7755102041 1.265306122 44.12539673
0.8571428571 1.265306122 28.17534256
0.9387755102 1.265306122 14.7498579
1.020408163 1.265306122 5.021300316
1.102040816 1.265306122 0.2686007321
1.183673469 1.265306122 1.877272129
1.265306122 1.265306122 11.33939838
1.346938776 1.265306122 30.25363731
1.428571429 1.265306122 60.32527924
1.510204082 1.265306122 103.3661118
1.591836735 1.265306122 161.2944946
1.673469388 1.265306122 236.1355743
1.755102041 1.265306122 330.0206299
1.836734694 1.265306122 445.1880798
1.918367347 1.265306122 583.9825439
2 1.265306122 748.8551636

-2 1.346938776 712.8734741
-1.918367347 1.346938776 552.8966064
-1.836734694 1.346938776 418.780365
-1.755102041 1.346938776 308.0734863
-1.673469388 1.346938776 218.4314575
-1.591836735 1.346938776 147.615799
-1.510204082 1.346938776 93.49520111
-1.428571429 1.346938776 54.04457092
-1.346938776 1.346938776 27.34553528
-1.265306122 1.346938776 11.58630371
-1.183673469 1.346938776 5.061589241
-1.102040816 1.346938776 6.172739506
-1.020408163 1.346938776 13.42765808
-0.9387755102 1.346938776 25.44083977
-0.8571428571 1.346938776 40.93335342
-0.7755102041 1.346938776 58.73284149
-0.693877551 1.346938776 77.77351379
-0.612244898 1.346938776 97.09618378
-0.5306122449 1.346938776 115.8482361
-0.4489795918 1.346938776 133.2835999
-0.3673469388 1.346938776 148.7628021
-0.2857142857 1.346938776 161.7530212
-0.2040816327 1.346938776 171.8278503
-0.1224489796 1.346938776 178.6676178
-0.04081632653 1.346938776 182.0591888
0.04081632653 1.346938776 181.8959198
0.1224489796 1.346938776 178.1778259
0.2040816327 1.346938776 171.0115204
0.2857142857 1.346938776 160.6101685
0.3673469388 1.346938776 147.2934113
0.4489795918 1.346938776 131.4876709
0.5306122449 1.346938776 113.7257843
0.612244898 1.346938776 94.64720154
0.693877551 1.346938776 74.9980011
0.7755102041 1.346938776 55.63080215
0.8571428571 1.346938776 37.50478363
0.9387755102 1.346938776 21.68573761
1.020408163 1.346938776 9.346026421
1.102040816 1.346938776 1.764576435
1.183673469 1.346938776 0.3268960714
1.265306122 1.346938776 6.52507925
1.346938776 1.346938776 21.95778084
1.428571429 1.346938776 48.33028412
1.510204082 1.346938776 87.45438385
1.591836735 1.346938776 141.2484436
1.673469388 1.346938776 211.7375793
1.755102041 1.346938776 301.0531006
1.836734694 1.346938776 411.4334412
1.918367347 1.346938776 545.2231445
2 1.346938776 704.8734741

-2 1.428571429 670.2244873
-1.918367347 1.428571429 515.4699707
-1.836734694 1.428571429 386.358429
-1.755102041 1.428571429 280.4387207
-1.673469388 1.428571429 195.3662109
-1.591836735 1.428571429 128.9024963
-1.510204082 1.428571429 78.91622925
-1.428571429 1.428571429 43.38233566
-1.346938776 1.428571429 20.38244438
-1.265306122 1.428571429 8.104757309
-1.183673469 1.428571429 4.843990803
-1.102040816 1.428571429 9.001497269
-1.020408163 1.428571429 19.08517075
-0.9387755102 1.428571429 33.7095108
-0.8571428571 1.428571429 51.59558868
-0.7755102041 1.428571429 71.57104492
-0.693877551 1.428571429 92.57009125
-0.612244898 1.428571429 113.633522
-0.5306122449 1.428571429 133.9087524
-0.4489795918 1.428571429 152.649704
-0.3673469388 1.428571429 169.2169189
-0.2857142857 1.428571429 183.0774841
-0.2040816327 1.428571429 193.8051147
-0.1224489796 1.428571429 201.0800781
-0.04081632653 1.428571429 204.6892395
0.04081632653 1.428571429 204.5259705
0.1224489796 1.428571429 200.5902863
0.2040816327 1.428571429 192.9887848
0.2857142857 1.428571429 181.9346313
0.3673469388 1.428571429 167.7475281
0.4489795918 1.428571429 150.853775
0.5306122449 1.428571429 131.7863007
0.612244898 1.428571429 111.1845398
0.693877551 1.428571429 89.79457855
0.7755102041 1.428571429 68.46900177
0.8571428571 1.428571429 48.16701889
0.9387755102 1.428571429 29.95440865
1.020408163 1.428571429 15.00353909
1.102040816 1.428571429 4.593333721
1.183673469 1.428571429 0.1092975512
1.265306122 1.428571429 3.043533325
1.346938776 1.428571429 14.99468994
1.428571429 1.428571429 37.66804886
1.510204082 1.428571429 72.87541199
1.591836735 1.428571429 122.5351486
1.673469388 1.428571429 188.6723328
1.755102041 1.428571429 273.418335
1.836734694 1.428571429 379.0115051
1.918367347 1.428571429 507.7964783
2 1.428571429 662.2244873

-2 1.510204082 628.9083862
-1.918367347 1.510204082 479.3761597
-1.836734694 1.510204082 355.2693481
-1.755102041 1.510204082 254.136795
-1.673469388 1.510204082 173.6337738
-1.591836735 1.510204082 111.5219955
-1.510204082 1.510204082 65.67005157
-1.428571429 1.510204082 34.05289459
-1.346938776 1.510204082 14.75214386
-1.265306122 1.510204082 5.955994129
-1.183673469 1.510204082 5.959170341
-1.102040816 1.510204082 13.16302776
-1.020408163 1.510204082 26.0754509
-0.9387755102 1.510204082 43.31094742
-0.8571428571 1.510204082 63.5905838
-0.7755102041 1.510204082 85.74200439
-0.693877551 1.510204082 108.6994171
-0.612244898 1.510204082 131.5036163
-0.5306122449 1.510204082 153.3020325
-0.4489795918 1.510204082 173.3485413
-0.3673469388 1.510204082 191.0037537
-0.2857142857 1.510204082 205.7346954
-0.2040816327 1.510204082 217.1151123
-0.1224489796 1.510204082 224.8252716
-0.04081632653 1.510204082 228.6520233
0.04081632653 1.510204082 228.4887543
0.1224489796 1.510204082 224.3354797
0.2040816327 1.510204082 216.2987823
0.2857142857 1.510204082 204.5918427
0.3673469388 1.510204082 189.5343628
0.4489795918 1.510204082 171.5526123
0.5306122449 1.510204082 151.1795807
0.612244898 1.510204082 129.0546417
0.693877551 1.510204082 105.9239044
0.7755102041 1.510204082 82.63996124
0.8571428571 1.510204082 60.16201401
0.9387755102 1.510204082 39.55584717
1.020408163 1.510204082 21.99381828
1.102040816 1.510204082 8.754864693
1.183673469 1.510204082 1.224477053
1.265306122 1.510204082 0.894769907
1.346938776 1.510204082 9.364388466
1.428571429 1.510204082 28.33860779
1.510204082 1.510204082 59.62923431
1.591836735 1.510204082 105.1546478
1.673469388 1.510204082 166.9398956
1.755102041 1.510204082 247.1163788
1.836734694 1.510204082 347.9224243
1.918367347 1.510204082 471.7026672
2 1.510204082 620.9083862

-2 1.591836735 588.9250488
-1.918367347 1.591836735 444.6151733
-1.836734694 1.591836735 325.513092
-1.755102041 1.591836735 229.1676178
-1.673469388 1.591836735 153.2341309
-1.591836735 1.591836735 95.47426605
-1.510204082 1.591836735 53.75665283
-1.428571429 1.591836735 26.05622864
-1.346938776 1.591836735 10.45461845
-1.265306122 1.591836735 5.140007019
-1.183673469 1.591836735 8.407126427
-1.102040816 1.591836735 18.65733528
-1.020408163 1.591836735 34.39851379
-0.9387755102 1.591836735 54.24515915
-0.8571428571 1.591836735 76.91835785
-0.7755102041 1.591836735 101.2457428
-0.693877551 1.591836735 126.1615143
-0.612244898 1.591836735 150.7064972
-0.5306122449 1.591836735 174.0280609
-0.4489795918 1.591836735 195.3801727
-0.3673469388 1.591836735 214.1233521
-0.2857142857 1.591836735 229.7247009
-0.2040816327 1.591836735 241.7578888
-0.1224489796 1.591836735 249.903244
-0.04081632653 1.591836735 253.9475861
0.04081632653 1.591836735 253.784317
0.1224489796 1.591836735 249.4134521
0.2040816327 1.591836735 240.9415588
0.2857142857 1.591836735 228.5818481
0.3673469388 1.591836735 212.6539612
0.4489795918 1.591836735 193.5842438
0.5306122449 1.591836735 171.9056091
0.612244898 1.591836735 148.2575226
0.693877551 1.591836735 123.3860016
0.7755102041 1.591836735 98.14369965
0.8571428571 1.591836735 73.48978424
0.9387755102 1.591836735 50.4900589
1.020408163 1.591836735 30.31687927
1.102040816 1.591836735 14.24917221
1.183673469 1.591836735 3.672433376
1.265306122 1.591836735 0.07878321409
1.346938776 1.591836735 5.066863537
1.428571429 1.591836735 20.34194374
1.510204082 1.591836735 47.71583557
1.591836735 1.591836735 89.10691833
1.673469388 1.591836735 146.5402527
1.755102041 1.591836735 222.1472015
1.836734694 1.591836735 318.1661682
1.918367347 1.591836735 436.9416809
2 1.591836735 580.9250488

-2 1.673469388 550.2744141
-1.918367347 1.673469388 411.1868286
-1.836734694 1.673469388 297.0895081
-1.755102041 1.673469388 205.531189
-1.673469388 1.673469388 134.1672211
-1.591836735 1.673469388 80.7592926
-1.510204082 1.673469388 43.17601395
-1.428571429 1.673469388 19.39233398
-1.346938776 1.673469388 7.489866734
-1.265306122 1.673469388 5.65679884
-1.183673469 1.673469388 12.18786621
-1.102040816 1.673469388 25.48443222
-1.020408163 1.673469388 44.05436325
-0.9387755102 1.673469388 66.51216888
-0.8571428571 1.673469388 91.57893372
-0.7755102041 1.673469388 118.0822906
-0.693877551 1.673469388 144.9564209
-0.612244898 1.673469388 171.2421722
-0.5306122449 1.673469388 196.0869293
-0.4489795918 1.673469388 218.7445984
-0.3673469388 1.673469388 238.5757294
-0.2857142857 1.673469388 255.0475006
-0.2040816327 1.673469388 267.73349
-0.1224489796 1.673469388 276.3140259
-0.04081632653 1.673469388 280.5759888
0.04081632653 1.673469388 280.4127197
0.1224489796 1.673469388 275.8242188
0.2040816327 1.673469388 266.9171753
0.2857142857 1.673469388 253.9046478
0.3673469388 1.673469388 237.1063385
0.4489795918 1.673469388 216.9486694
0.5306122449 1.673469388 193.9644775
0.612244898 1.673469388 168.7931976
0.693877551 1.673469388 142.1809082
0.7755102041 1.673469388 114.9802475
0.8571428571 1.673469388 88.15036011
0.9387755102 1.673469388 62.75706863
1.020408163 1.673469388 39.97272873
1.102040816 1.673469388 21.07626915
1.183673469 1.673469388 7.453173161
1.265306122 1.673469388 0.595574975
1.346938776 1.673469388 2.102112293
1.428571429 1.673469388 13.67804813
1.510204082 1.673469388 37.13519669
1.591836735 1.673469388 74.39194489
1.673469388 1.673469388 127.4733353
1.755102041 1.673469388 198.5107727
1.836734694 1.673469388 289.7425842
1.918367347 1.673469388 403.5133362
2 1.673469388 542.2744141

-2 1.755102041 512.956665
-1.918367347 1.755102041 379.0914307
-1.836734694 1.755102041 269.9987793
-1.755102041 1.755102041 183.2275696
-1.673469388 1.755102041 116.4331131
-1.591836735 1.755102041 67.37711334
-1.510204082 1.755102041 33.92817307
-1.428571429 1.755102041 14.06122398
-1.346938776 1.755102041 5.857897282
-1.265306122 1.755102041 7.506367683
-1.183673469 1.755102041 17.30137634
-1.102040816 1.755102041 33.64429474
-1.020408163 1.755102041 55.04298019
-0.9387755102 1.755102041 80.11193848
-0.8571428571 1.755102041 107.5722656
-0.7755102041 1.755102041 136.2515869
-0.693877551 1.755102041 165.0840759
-0.612244898 1.755102041 193.110611
-0.5306122449 1.755102041 219.4785309
-0.4489795918 1.755102041 243.4417877
-0.3673469388 1.755102041 264.3608704
-0.2857142857 1.755102041 281.703064
-0.2040816327 1.755102041 295.0418091
-0.1224489796 1.755102041 304.0575562
-0.04081632653 1.755102041 308.5371399
0.04081632653 1.755102041 308.3738708
0.1224489796 1.755102041 303.567749
0.2040816327 1.755102041 294.2254944
0.2857142857 1.755102041 280.5601807
0.3673469388 1.755102041 262.8914795
0.4489795918 1.755102041 241.6458588
0.5306122449 1.755102041 217.3560791
0.612244898 1.755102041 190.6616364
0.693877551 1.755102041 162.3085632
0.7755102041 1.755102041 133.1495514
0.8571428571 1.755102041 104.143692
0.9387755102 1.755102041 76.35683441
1.020408163 1.755102041 50.96134567
1.102040816 1.755102041 29.23613167
1.183673469 1.755102041 12.56668377
1.265306122 1.755102041 2.4451437
1.346938776 1.755102041 0.4701426029
1.428571429 1.755102041 8.346938133
1.510204082 1.755102041 27.8873558
1.591836735 1.755102041 61.00976562
1.673469388 1.755102041 109.7392349
1.755102041 1.755102041 176.2071533
1.836734694 1.755102041 262.6518555
1.918367347 1.755102041 371.4179382
2 1.755102041 504.956665

-2 1.836734694 476.9716492
-1.918367347 1.836734694 348.3287354
-1.836734694 1.836734694 244.2408142
-1.755102041 1.836734694 162.2567291
-1.673469388 1.836734694 100.0317917
-1.591836735 1.836734694 55.32772446
-1.510204082 1.836734694 26.01310539
-1.428571429 1.836734694 10.06289101
-1.346938776 1.836734694 5.558704376
-1.265306122 1.836734694 10.68871307
-1.183673469 1.836734694 23.74766541
-1.102040816 1.836734694 43.13693237
-1.020408163 1.836734694 67.36436462
-0.9387755102 1.836734694 95.044487
-0.8571428571 1.836734694 124.8983688
-0.7755102041 1.836734694 155.7536469
-0.693877551 1.836734694 186.5445251
-0.612244898 1.836734694 216.3118134
-0.5306122449 1.836734694 244.2028961
-0.4489795918 1.836734694 269.4717407
-0.3673469388 1.836734694 291.4788208
-0.2857142857 1.836734694 309.6913757
-0.2040816327 1.836734694 323.6829224
-0.1224489796 1.836734694 333.1338806
-0.04081632653 1.836734694 337.8310242
0.04081632653 1.836734694 337.6677551
0.1224489796 1.836734694 332.6440735
0.2040816327 1.836734694 322.8666077
0.2857142857 1.836734694 308.5484924
0.3673469388 1.836734694 290.0094299
0.4489795918 1.836734694 267.6758118
0.5306122449 1.836734694 242.0804443
0.612244898 1.836734694 213.8628387
0.693877551 1.836734694 183.7690125
0.7755102041 1.836734694 152.6516113
0.8571428571 1.836734694 121.4697952
0.9387755102 1.836734694 91.28938293
1.020408163 1.836734694 63.28273392
1.102040816 1.836734694 38.72877121
1.183673469 1.836734694 19.01297188
1.265306122 1.836734694 5.627489567
1.346938776 1.836734694 0.1709498167
1.428571429 1.836734694 4.348605633
1.510204082 1.836734694 19.97228813
1.591836735 1.836734694 48.96037674
1.673469388 1.836734694 93.33791351
1.755102041 1.836734694 155.2363129
1.836734694 1.836734694 236.8938751
1.918367347 1.836734694 340.6552429
2 1.836734694 468.9716492

-2 1.918367347 442.3194275
-1.918367347 1.918367347 318.8988037
-1.836734694 1.918367347 219.8155823
-1.755102041 1.918367347 142.6186371
-1.673469388 1.918367347 84.96321869
-1.591836735 1.918367347 44.61109161
-1.510204082 1.918367347 19.43080711
-1.428571429 1.918367347 7.397333145
-1.346938776 1.918367347 6.592290878
-1.265306122 1.918367347 15.20384216
-1.183673469 1.918367347 31.52674103
-1.102040816 1.918367347 53.96236801
-1.020408163 1.918367347 81.01854706
-0.9387755102 1.918367347 111.3098297
-0.8571428571 1.918367347 143.5572815
-0.7755102041 1.918367347 176.588501
-0.693877551 1.918367347 209.3377533
-0.612244898 1.918367347 240.8458252
-0.5306122449 1.918367347 270.2601013
-0.4489795918 1.918367347 296.8345337
-0.3673469388 1.918367347 319.9296265
-0.2857142857 1.918367347 339.0125427
-0.2040816327 1.918367347 353.6568604
-0.1224489796 1.918367347 363.5429993
-0.04081632653 1.918367347 368.4577637
0.04081632653 1.918367347 368.2944946
0.1224489796 1.918367347 363.0531921
0.2040816327 1.918367347 352.8405457
0.2857142857 1.918367347 337.8696594
0.3673469388 1.918367347 318.4602356
0.4489795918 1.918367347 295.0386047
0.5306122449 1.918367347 268.1376648
0.612244898 1.918367347 238.3968506
0.693877551 1.918367347 206.5622406
0.7755102041 1.918367347 173.4864655
0.8571428571 1.918367347 140.1287079
0.9387755102 1.918367347 107.5547256
1.020408163 1.918367347 76.93692017
1.102040816 1.918367347 49.55420685
1.183673469 1.918367347 26.7920475
1.265306122 1.918367347 10.14261818
1.346938776 1.918367347 1.2045362
1.428571429 1.918367347 1.683047295
1.510204082 1.918367347 13.38999081
1.591836735 1.918367347 38.2437439
1.673469388 1.918367347 78.26934052
1.755102041 1.918367347 135.5982208
1.836734694 1.918367347 212.4686432
1.918367347 1.918367347 311.2253113
2 1.918367347 434.3194275

-2 2 409
-1.918367347 2 290.8016968
-1.836734694 2 196.7231903
-1.755102041 2 124.3133392
-1.673469388 2 71.22744751
-1.591836735 2 35.22725296
-1.510204082 2 14.18129539
-1.428571429 2 6.064556122
-1.346938776 2 8.95865345
-1.265306122 2 21.05174446
-1.183673469 2 40.63858795
-1.102040816 2 66.12055969
-1.020408163 2 96.00550079
-0.9387755102 2 128.9079437
-0.8571428571 2 163.5489349
-0.7755102041 2 198.756134
-0.693877551 2 233.4637604
-0.612244898 2 266.7125854
-0.5306122449 2 297.6500549
-0.4489795918 2 325.5300293
-0.3673469388 2 349.7131042
-0.2857142857 2 369.6664124
-0.2040816327 2 384.9635315
-0.1224489796 2 395.2848511
-0.04081632653 2 400.4172058
0.04081632653 2 400.2539368
0.1224489796 2 394.7950439
0.2040816327 2 384.1472168
0.2857142857 2 368.5235291
0.3673469388 2 348.2437134
0.4489795918 2 323.7341003
0.5306122449 2 295.5276184
0.612244898 2 264.2636108
0.693877551 2 230.6882477
0.7755102041 2 195.6540985
0.8571428571 2 160.1203613
0.9387755102 2 125.152832
1.020408163 2 91.9238739
1.102040816 2 61.71240234
1.183673469 2 35.90389633
1.265306122 2 15.99051952
1.346938776 2 3.570898771
1.428571429 2 0.3502705693
1.510204082 2 8.140479088
1.591836735 2 28.85990524
1.673469388 2 64.53356934
1.755102041 2 117.2929306
1.836734694 2 189.3762512
1.918367347 2 283.1282043
2 2 401