-3 -3 6.671280426e-05
-2.87755102 -3 0.0001249030029
-2.755102041 -3 0.0002253322018
-2.632653061 -3 0.0003912601387
-2.510204082 -3 0.0006529013044
-2.387755102 -3 0.001044941018
-2.265306122 -3 0.001599499141
-2.142857143 -3 0.002332304837
-2.020408163 -3 0.003220143262
-1.897959184 -3 0.004169090185
-1.775510204 -3 0.004975797608
-1.653061224 -3 0.005287947133
-1.530612245 -3 0.004574733321
-1.408163265 -3 0.002121936763
-1.285714286 -3 -0.002933177631
-1.163265306 -3 -0.01151503623
-1.040816327 -3 -0.02446905524
-0.9183673469 -3 -0.04237830266
-0.7959183673 -3 -0.06536810845
-0.6734693878 -3 -0.09293813258
-0.5510204082 -3 -0.1238730699
-0.4285714286 -3 -0.1562687457
-0.306122449 -3 -0.1876968443
-0.1836734694 -3 -0.2154908776
-0.0612244898 -3 -0.2371164411
0.0612244898 -3 -0.2505483031
0.1836734694 -3 -0.2545827925
0.306122449 -3 -0.2490152568
0.4285714286 -3 -0.2346483469
0.5510204082 -3 -0.2131332308
0.6734693878 -3 -0.1866822839
0.7959183673 -3 -0.1577220261
0.9183673469 -3 -0.1285543293
1.040816327 -3 -0.1010901257
1.163265306 -3 -0.07668922096
1.285714286 -3 -0.05611702055
1.408163265 -3 -0.03959751874
1.530612245 -3 -0.02693245746
1.653061224 -3 -0.01764689758
1.775510204 -3 -0.01113030408
1.897959184 -3 -0.006750476547
2.020408163 -3 -0.003931279294
2.142857143 -3 -0.002194104949
2.265306122 -3 -0.001170353964
2.387755102 -3 -0.0005942782736
2.510204082 -3 -0.0002855312778
2.632653061 -3 -0.0001285486214
2.755102041 -3 -5.329682972e-05
2.87755102 -3 -1.964133662e-05
3 -3 -5.864184459e-06

-3 -2.87755102 0.0001029100822
-2.87755102 -2.87755102 0.000192473919
-2.755102041 -2.87755102 0.0003466962953
-2.632653061 -2.87755102 0.0006006875192
-2.510204082 -2.87755102 0.0009994189022
-2.387755102 -2.87755102 0.001593163935
-2.265306122 -2.87755102 0.002425503684
-2.142857143 -2.87755102 0.003510350361
-2.020408163 -2.87755102 0.004794968292
-1.897959184 -2.87755102 0.006108429749
-1.775510204 -2.87755102 0.007099249866
-1.653061224 -2.87755102 0.007172517478
-1.530612245 -2.87755102 0.005444153678
-1.408163265 -2.87755102 0.0007358828443
-1.285714286 -2.87755102 -0.00836433284
-1.163265306 -2.87755102 -0.02335735038
-1.040816327 -2.87755102 -0.04560068995
-0.9183673469 -2.87755102 -0.07600818574
-0.7959183673 -2.87755102 -0.1147318259
-0.6734693878 -2.87755102 -0.1608908176
-0.5510204082 -2.87755102 -0.2124305069
-0.4285714286 -2.87755102 -0.2661723197
-0.306122449 -2.87755102 -0.3180895448
-0.1836734694 -2.87755102 -0.3637817502
-0.0612244898 -2.87755102 -0.3990848362
0.0612244898 -2.87755102 -0.4206907451
0.1836734694 -2.87755102 -0.4266571999
0.306122449 -2.87755102 -0.4166955948
0.4285714286 -2.87755102 -0.3921784759
0.5510204082 -2.87755102 -0.3558739722
0.6734693878 -2.87755102 -0.3114680052
0.7959183673 -2.87755102 -0.2629903257
0.9183673469 -2.87755102 -0.214255318
1.040816327 -2.87755102 -0.1684233844
1.163265306 -2.87755102 -0.1277382225
1.285714286 -2.87755102 -0.09345708787
1.408163265 -2.87755102 -0.06594024599
1.530612245 -2.87755102 -0.04484910145
1.653061224 -2.87755102 -0.02938790247
1.775510204 -2.87755102 -0.01853767037
1.897959184 -2.87755102 -0.0112448791
2.020408163 -2.87755102 -0.00655014161
2.142857143 -2.87755102 -0.00365675264
2.265306122 -2.87755102 -0.001951212995
2.387755102 -2.87755102 -0.0009911977686
2.510204082 -2.87755102 -0.0004764877376
2.632653061 -2.87755102 -0.0002146641782
2.755102041 -2.87755102 -8.908476593e-05
2.87755102 -2.87755102 -3.287973595e-05
3 -2.87755102 -9.848068657e-06

-3 -2.755102041 0.0001536335039
-2.87755102 -2.755102041 0.0002872459881
-2.755102041 -2.755102041 0.0005169689539
-2.632653061 -2.755102041 0.0008944136789
-2.510204082 -2.755102041 0.001484869746
-2.387755102 -2.755102041 0.002359546255
-2.265306122 -2.755102041 0.003576114308
-2.142857143 -2.755102041 0.00514205778
-2.020408163 -2.755102041 0.006956318393
-1.897959184 -2.755102041 0.008728428744
-1.775510204 -2.755102041 0.009881362319
-1.653061224 -2.755102041 0.009454308078
-1.530612245 -2.755102041 0.006033171434
-1.408163265 -2.755102041 -0.002253667451
-1.285714286 -2.755102041 -0.01763687842
-1.163265306 -2.755102041 -0.04247393459
-1.040816327 -2.755102041 -0.07887974381
-0.9183673469 -2.755102041 -0.128253147
-0.7959183673 -2.755102041 -0.1907740235
-0.6734693878 -2.755102041 -0.2649806738
-0.5510204082 -2.755102041 -0.3475505412
-0.4285714286 -2.755102041 -0.4333871603
-0.306122449 -2.755102041 -0.5160606503
-0.1836734694 -2.755102041 -0.5885694623
-0.0612244898 -2.755102041 -0.6443043947
0.0612244898 -2.755102041 -0.6780369878
0.1836734694 -2.755102041 -0.6867226958
0.306122449 -2.755102041 -0.6699549556
0.4285714286 -2.755102041 -0.6299732327
0.5510204082 -2.755102041 -0.5712320805
0.6734693878 -2.755102041 -0.4996425211
0.7959183673 -2.755102041 -0.4216514826
0.9183673469 -2.755102041 -0.3433530629
1.040816327 -2.755102041 -0.2697889209
1.163265306 -2.755102041 -0.2045329064
1.285714286 -2.755102041 -0.1495800912
1.408163265 -2.755102041 -0.1054924205
1.530612245 -2.755102041 -0.07171538472
1.653061224 -2.755102041 -0.04696577415
1.775510204 -2.755102041 -0.02960554324
1.897959184 -2.755102041 -0.01794354245
2.020408163 -2.755102041 -0.01044097543
2.142857143 -2.755102041 -0.005820841994
2.265306122 -2.755102041 -0.003100237576
2.387755102 -2.755102041 -0.001570913824
2.510204082 -2.755102041 -0.0007524510729
2.632653061 -2.755102041 -0.0003371533239
2.755102041 -2.755102041 -0.0001386805379
2.87755102 -2.755102041 -5.034004425e-05
3 -2.755102041 -1.447166596e-05

-3 -2.632653061 0.0002217482834
-2.87755102 -2.632653061 0.0004148696898
-2.755102041 -2.632653061 0.0007467819378
-2.632653061 -2.632653061 0.001291517634
-2.510204082 -2.632653061 0.002141885227
-2.387755102 -2.632653061 0.003397161374
-2.265306122 -2.632653061 0.005133047234
-2.142857143 -2.632653061 0.007345737889
-2.020408163 -2.632653061 0.009863292798
-1.897959184 -2.632653061 0.01222327352
-1.775510204 -2.632653061 0.01352617797
-1.653061224 -2.632653061 0.01228922233
-1.530612245 -2.632653061 0.00634344155
-1.408163265 -2.632653061 -0.007171411067
-1.285714286 -2.632653061 -0.03165316954
-1.163265306 -2.632653061 -0.07068171352
-1.040816327 -2.632653061 -0.1274552345
-0.9183673469 -2.632653061 -0.2040676922
-0.7959183673 -2.632653061 -0.300742656
-0.6734693878 -2.632653061 -0.4151913226
-0.5510204082 -2.632653061 -0.5422782302
-0.4285714286 -2.632653061 -0.6741622686
-0.306122449 -2.632653061 -0.800968647
-0.1836734694 -2.632653061 -0.9119600654
-0.0612244898 -2.632653061 -0.9970134497
0.0612244898 -2.632653061 -1.048132539
0.1836734694 -2.632653061 -1.060681462
0.306122449 -2.632653061 -1.034076452
0.4285714286 -2.632653061 -0.9717978239
0.5510204082 -2.632653061 -0.8807262778
0.6734693878 -2.632653061 -0.7699751854
0.7959183673 -2.632653061 -0.6494742036
0.9183673469 -2.632653061 -0.5286049843
1.040816327 -2.632653061 -0.4151223004
1.163265306 -2.632653061 -0.3145170212
1.285714286 -2.632653061 -0.2298464179
1.408163265 -2.632653061 -0.161959365
1.530612245 -2.632653061 -0.1099857464
1.653061224 -2.632653061 -0.07193475962
1.775510204 -2.632653061 -0.04527132213
1.897959184 -2.632653061 -0.02738212235
2.020408163 -2.632653061 -0.01589137316
2.142857143 -2.632653061 -0.008829275146
2.265306122 -2.632653061 -0.004681283608
2.387755102 -2.632653061 -0.00235735462
2.510204082 -2.632653061 -0.001119180582
2.632653061 -2.632653061 -0.0004947849666
2.755102041 -2.632653061 -0.0001990268502
2.87755102 -2.632653061 -6.917144492e-05
3 -2.632653061 -1.765486377e-05

-3 -2.510204082 0.0003088997037
-2.87755102 -2.510204082 0.0005790888099
-2.755102041 -2.510204082 0.00104399852
-2.632653061 -2.510204082 0.001807469758
-2.510204082 -2.510204082 0.002999160439
-2.387755102 -2.510204082 0.004756333772
-2.265306122 -2.510204082 0.007179946173
-2.142857143 -2.510204082 0.01025292184
-2.020408163 -2.510204082 0.01371097472
-1.897959184 -2.510204082 0.01686423644
-1.775510204 -2.510204082 0.01838305406
-1.653061224 -2.510204082 0.01608492248
-1.530612245 -2.510204082 0.006782580167
-1.408163265 -2.510204082 -0.01372225024
-1.285714286 -2.510204082 -0.05041564628
-1.163265306 -2.510204082 -0.1085503101
-1.040816327 -2.510204082 -0.1928196996
-0.9183673469 -2.510204082 -0.3062948287
-0.7959183673 -2.510204082 -0.4492969215
-0.6734693878 -2.510204082 -0.6184476614
-0.5510204082 -2.510204082 -0.8061766028
-0.4285714286 -2.510204082 -1.000918508
-0.306122449 -2.510204082 -1.188100934
-0.1836734694 -2.510204082 -1.351868868
-0.0612244898 -2.510204082 -1.477263808
0.0612244898 -2.510204082 -1.552460551
0.1836734694 -2.510204082 -1.570596576
0.306122449 -2.510204082 -1.530802727
0.4285714286 -2.510204082 -1.438225627
0.5510204082 -2.510204082 -1.303052306
0.6734693878 -2.510204082 -1.138783574
0.7959183673 -2.510204082 -0.9601341486
0.9183673469 -2.510204082 -0.781008482
1.040816327 -2.510204082 -0.6129010916
1.163265306 -2.510204082 -0.4639462829
1.285714286 -2.510204082 -0.3386644721
1.408163265 -2.510204082 -0.2382980138
1.530612245 -2.510204082 -0.1615384519
1.653061224 -2.510204082 -0.105415307
1.775510204 -2.510204082 -0.06615431607
1.897959184 -2.510204082 -0.03986902162
2.020408163 -2.510204082 -0.02303094417
2.142857143 -2.510204082 -0.01271832921
2.265306122 -2.510204082 -0.006688380614
2.387755102 -2.510204082 -0.003330113366
2.510204082 -2.510204082 -0.001555161434
2.632653061 -2.510204082 -0.0006700688973
2.755102041 -2.510204082 -0.0002576824627
2.87755102 -2.510204082 -8.127920592e-05
3 -2.510204082 -1.448035982e-05

-3 -2.387755102 0.0004140571691
-2.87755102 -2.387755102 0.0007792611723
-2.755102041 -2.387755102 0.001409706194
-2.632653061 -2.387755102 0.002447986277
-2.510204082 -2.387755102 0.004072670359
-2.387755102 -2.387755102 0.006473343354
-2.265306122 -2.387755102 0.009789784439
-2.142857143 -2.387755102 0.01399840228
-2.020408163 -2.387755102 0.01873166114
-1.897959184 -2.387755102 0.02302748337
-1.775510204 -2.387755102 0.02502761036
-1.653061224 -2.387755102 0.02167394198
-1.530612245 -2.387755102 0.00848999992
-1.408163265 -2.387755102 -0.02043579146
-1.285714286 -2.387755102 -0.07214418054
-1.163265306 -2.387755102 -0.1540779918
-1.040816327 -2.387755102 -0.2729189992
-0.9183673469 -2.387755102 -0.4330866933
-0.7959183673 -2.387755102 -0.6351317763
-0.6734693878 -2.387755102 -0.8743779063
-0.5510204082 -2.387755102 -1.140195251
-0.4285714286 -2.387755102 -1.41625905
-0.306122449 -2.387755102 -1.681927919
-0.1836734694 -2.387755102 -1.914677382
-0.0612244898 -2.387755102 -2.093195438
0.0612244898 -2.387755102 -2.200576067
0.1836734694 -2.387755102 -2.226940632
0.306122449 -2.387755102 -2.170934677
0.4285714286 -2.387755102 -2.039787292
0.5510204082 -2.387755102 -1.847937226
0.6734693878 -2.387755102 -1.614583492
0.7959183673 -2.387755102 -1.360689402
0.9183673469 -2.387755102 -1.106089711
1.040816327 -2.387755102 -0.8671876192
1.163265306 -2.387755102 -0.6555964947
1.285714286 -2.387755102 -0.4777643383
1.408163265 -2.387755102 -0.3354528546
1.530612245 -2.387755102 -0.226775229
1.653061224 -2.387755102 -0.1474708617
1.775510204 -2.387755102 -0.09213481098
1.897959184 -2.387755102 -0.05520904437
2.020408163 -2.387755102 -0.03165480122
2.142857143 -2.387755102 -0.01730794087
2.265306122 -2.387755102 -0.008979316801
2.387755102 -2.387755102 -0.004385293927
2.510204082 -2.387755102 -0.001989147393
2.632653061 -2.387755102 -0.0008167310152
2.755102041 -2.387755102 -0.0002860182722
2.87755102 -2.387755102 -6.97316791e-05
3 -2.387755102 4.651714335e-06

-3 -2.265306122 0.0005313939764
-2.87755102 -2.265306122 0.001006678445
-2.755102041 -2.265306122 0.001832095557
-2.632653061 -2.265306122 0.003199369414
-2.510204082 -2.265306122 0.005351291969
-2.387755102 -2.265306122 0.008550273255
-2.265306122 -2.265306122 0.01299938839
-2.142857143 -2.265306122 0.01869226992
-2.020408163 -2.265306122 0.02517193928
-1.897959184 -2.265306122 0.03119296953
-1.775510204 -2.265306122 0.03430986032
-1.653061224 -2.265306122 0.03045782074
-1.530612245 -2.265306122 0.01364220493
-1.408163265 -2.265306122 -0.02410754748
-1.285714286 -2.265306122 -0.09234559536
-1.163265306 -2.265306122 -0.2012476027
-1.040816327 -2.265306122 -0.3600443304
-0.9183673469 -2.265306122 -0.5749793649
-0.7959183673 -2.265306122 -0.8471035361
-0.6734693878 -2.265306122 -1.170383096
-0.5510204082 -2.265306122 -1.53065002
-0.4285714286 -2.265306122 -1.905893922
-0.306122449 -2.265306122 -2.268084526
-0.1836734694 -2.265306122 -2.586462736
-0.0612244898 -2.265306122 -2.831768751
0.0612244898 -2.265306122 -2.980635166
0.1836734694 -2.265306122 -3.019228935
0.306122449 -2.265306122 -2.945366383
0.4285714286 -2.265306122 -2.7686553
0.5510204082 -2.265306122 -2.508661032
0.6734693878 -2.265306122 -2.191568613
0.7959183673 -2.265306122 -1.846069098
0.9183673469 -2.265306122 -1.499371648
1.040816327 -2.265306122 -1.174012899
1.163265306 -2.265306122 -0.8859623671
1.285714286 -2.265306122 -0.6440893412
1.408163265 -2.265306122 -0.4508113563
1.530612245 -2.265306122 -0.3035209477
1.653061224 -2.265306122 -0.1963445842
1.775510204 -2.265306122 -0.1218399033
1.897959184 -2.265306122 -0.0723656714
2.020408163 -2.265306122 -0.04100797325
2.142857143 -2.265306122 -0.02206748538
2.265306122 -2.265306122 -0.01119438838
2.387755102 -2.265306122 -0.005287687294
2.510204082 -2.265306122 -0.002272718586
2.632653061 -2.265306122 -0.0008443921688
2.755102041 -2.265306122 -0.0002309044066
2.87755102 -2.265306122 -4.366272151e-06
3 -2.265306122 5.628142026e-05

-3 -2.142857143 0.0006474138354
-2.87755102 -2.142857143 0.001239473931
-2.755102041 -2.142857143 0.002277774271
-2.632653061 -2.142857143 0.00401431974
-2.510204082 -2.142857143 0.006774556823
-2.387755102 -2.142857143 0.01092208456
-2.265306122 -2.142857143 0.01676310599
-2.142857143 -2.142857143 0.02435927466
-2.020408163 -2.142857143 0.03322090209
-1.897959184 -2.142857143 0.04186994582
-1.775510204 -2.142857143 0.04729890823
-1.653061224 -2.142857143 0.0444078967
-1.530612245 -2.142857143 0.02556684613
-1.408163265 -2.142857143 -0.01948812231
-1.285714286 -2.142857143 -0.1031978726
-1.163265306 -2.142857143 -0.238974452
-1.040816327 -2.142857143 -0.439188391
-0.9183673469 -2.142857143 -0.7125039101
-0.7959183673 -2.142857143 -1.060951114
-0.6734693878 -2.142857143 -1.477367759
-0.5510204082 -2.142857143 -1.943907261
-0.4285714286 -2.142857143 -2.4322896
-0.306122449 -2.142857143 -2.906080484
-0.1836734694 -2.142857143 -3.324943542
-0.0612244898 -2.142857143 -3.650179148
0.0612244898 -2.142857143 -3.850562096
0.1836734694 -2.142857143 -3.907236338
0.306122449 -2.142857143 -3.816629648
0.4285714286 -2.142857143 -3.59076786
0.5510204082 -2.142857143 -3.254950047
0.6734693878 -2.142857143 -2.843389273
0.7959183673 -2.142857143 -2.393787622
0.9183673469 -2.142857143 -1.942024708
1.040816327 -2.142857143 -1.517896056
1.163265306 -2.142857143 -1.142550588
1.285714286 -2.142857143 -0.8277482986
1.408163265 -2.142857143 -0.5766993165
1.530612245 -2.142857143 -0.3859479129
1.653061224 -2.142857143 -0.2477109581
1.775510204 -2.142857143 -0.1521365941
1.897959184 -2.142857143 -0.08912742138
2.020408163 -2.142857143 -0.04957085103
2.142857143 -2.142857143 -0.02598182671
2.265306122 -2.142857143 -0.01267489046
2.387755102 -2.142857143 -0.005622427911
2.510204082 -2.142857143 -0.002152435249
2.632653061 -2.142857143 -0.0006029342767
2.755102041 -2.142857143 -6.168011623e-06
2.87755102 -2.142857143 0.0001627465099
3 -2.142857143 0.0001662332943

-3 -2.020408163 0.0007374093402
-2.87755102 -2.020408163 0.001436182996
-2.755102041 -2.020408163 0.002680499572
-2.632653061 -2.020408163 0.00479275221
-2.510204082 -2.020408163 0.008201328106
-2.387755102 -2.020408163 0.01340717543
-2.265306122 -2.020408163 0.02087799832
-2.142857143 -2.020408163 0.030830184
-2.020408163 -2.020408163 0.04285886884
-1.897959184 -2.020408163 0.05539771542
-1.775510204 -2.020408163 0.06503421068
-1.653061224 -2.020408163 0.06577257067
-1.530612245 -2.020408163 0.0484303087
-1.408163265 -2.020408163 0.0004225107841
-1.285714286 -2.020408163 -0.09376484156
-1.163265306 -2.020408163 -0.2511583567
-1.040816327 -2.020408163 -0.4878389239
-0.9183673469 -2.020408163 -0.8156082034
-0.7959183673 -2.020408163 -1.238236785
-0.6734693878 -2.020408163 -1.74810195
-0.5510204082 -2.020408163 -2.324099779
-0.4285714286 -2.020408163 -2.93171978
-0.306122449 -2.020408163 -3.525716543
-0.1836734694 -2.020408163 -4.055333614
-0.0612244898 -2.020408163 -4.471281052
0.0612244898 -2.020408163 -4.733205795
0.1836734694 -2.020408163 -4.816065788
0.306122449 -2.020408163 -4.714061737
0.4285714286 -2.020408163 -4.441253662
0.5510204082 -2.020408163 -4.028786659
0.6734693878 -2.020408163 -3.519443512
0.7959183673 -2.020408163 -2.960759163
0.9183673469 -2.020408163 -2.398209095
1.040816327 -2.020408163 -1.869694471
1.163265306 -2.020408163 -1.402188778
1.285714286 -2.020408163 -1.010723233
1.408163265 -2.020408163 -0.6994180679
1.530612245 -2.020408163 -0.4638777077
1.653061224 -2.020408163 -0.2941834033
1.775510204 -2.020408163 -0.1777927428
1.897959184 -2.020408163 -0.1018801406
2.020408163 -2.020408163 -0.0549108237
2.142857143 -2.020408163 -0.0274568852
2.265306122 -2.020408163 -0.01240458526
2.387755102 -2.020408163 -0.004759705625
2.510204082 -2.020408163 -0.001249091118
2.632653061 -2.020408163 0.0001293483947
2.755102041 -2.020408163 0.000513998617
2.87755102 -2.020408163 0.0005008641165
3 -2.020408163 0.0003714867926

-3 -1.897959184 0.000761621166
-2.87755102 -1.897959184 0.001528557856
-2.755102041 -1.897959184 0.002928015543
-2.632653061 -1.897959184 0.00535870064
-2.510204082 -1.897959184 0.009370339103
-2.387755102 -1.897959184 0.01564178616
-2.265306122 -1.897959184 0.0248784069
-2.142857143 -1.897959184 0.03757742047
-2.020408163 -1.897959184 0.05360919237
-1.897959184 -1.897959184 0.07158216834
-1.775510204 -1.897959184 0.0880074501
-1.653061224 -1.897959184 0.09636683762
-1.530612245 -1.897959184 0.08628696948
-1.408163265 -1.897959184 0.04314319789
-1.285714286 -1.897959184 -0.05154506117
-1.163265306 -1.897959184 -0.2185726017
-1.040816327 -1.897959184 -0.4782164097
-0.9183673469 -1.897959184 -0.8462298512
-0.7959183673 -1.897959184 -1.329223752
-0.6734693878 -1.897959184 -1.920347571
-0.5510204082 -1.897959184 -2.596432924
-0.4285714286 -1.897959184 -3.3176682
-0.306122449 -1.897959184 -4.030487537
-0.1836734694 -1.897959184 -4.673667431
-0.0612244898 -1.897959184 -5.186754704
0.0612244898 -1.897959184 -5.519272804
0.1836734694 -1.897959184 -5.638799667
0.306122449 -1.897959184 -5.536135674
0.4285714286 -1.897959184 -5.226425171
0.5510204082 -1.897959184 -4.746067524
0.6734693878 -1.897959184 -4.14620924
0.7959183673 -1.897959184 -3.484341383
0.9183673469 -1.897959184 -2.815859556
1.040816327 -1.897959184 -2.187170982
1.163265306 -1.897959184 -1.631418467
1.285714286 -1.897959184 -1.167127371
1.408163265 -1.897959184 -0.7994042635
1.530612245 -1.897959184 -0.5228722095
1.653061224 -1.897959184 -0.3253593147
1.775510204 -1.897959184 -0.1914953142
1.897959184 -1.897959184 -0.1056099683
2.020408163 -1.897959184 -0.05367804319
2.142857143 -1.897959184 -0.02431291901
2.265306122 -1.897959184 -0.009003103711
2.387755102 -1.897959184 -0.00184931152
2.510204082 -1.897959184 0.0009463728056
2.632653061 -1.897959184 0.001648549922
2.755102041 -1.897959184 0.001496837824
2.87755102 -1.897959184 0.001101686037
3 -1.897959184 0.0007208267343

-3 -1.775510204 0.0006618120242
-2.87755102 -1.775510204 0.00141484756
-2.755102041 -1.775510204 0.002849415643
-2.632653061 -1.775510204 0.005436756648
-2.510204082 -1.775510204 0.009857663885
-2.387755102 -1.775510204 0.01700613834
-2.265306122 -1.775510204 0.02791012451
-2.142857143 -1.775510204 0.04350714013
-2.020408163 -1.775510204 0.06420487911
-1.897959184 -1.775510204 0.08917432278
-1.775510204 -1.775510204 0.115375638
-1.653061224 -1.775510204 0.1364080459
-1.530612245 -1.775510204 0.1414140165
-1.408163265 -1.775510204 0.1143937856
-1.285714286 -1.775510204 0.03439430892
-1.163265306 -1.775510204 -0.1229915023
-1.040816327 -1.775510204 -0.3825479448
-0.9183673469 -1.775510204 -0.7648556232
-0.7959183673 -1.775510204 -1.280793309
-0.6734693878 -1.775510204 -1.926160455
-0.5510204082 -1.775510204 -2.677805424
-0.4285714286 -1.775510204 -3.492610455
-0.306122449 -1.775510204 -4.310293674
-0.1836734694 -1.775510204 -5.060122967
-0.0612244898 -1.775510204 -5.670662403
0.0612244898 -1.775510204 -6.080746651
0.1836734694 -1.775510204 -6.249401569
0.306122449 -1.775510204 -6.162508011
0.4285714286 -1.775510204 -5.834708214
0.5510204082 -1.775510204 -5.306233406
0.6734693878 -1.775510204 -4.635485172
0.7959183673 -1.775510204 -3.889175892
0.9183673469 -1.775510204 -3.132210732
1.040816327 -1.775510204 -2.419322729
1.163265306 -1.775510204 -1.789785266
1.285714286 -1.775510204 -1.26563096
1.408163265 -1.775510204 -0.8529682159
1.530612245 -1.775510204 -0.545440793
1.653061224 -1.775510204 -0.3286344409
1.775510204 -1.775510204 -0.1843816787
1.897959184 -1.775510204 -0.09424079955
2.020408163 -1.775510204 -0.04181263223
2.142857143 -1.775510204 -0.01390814316
2.265306122 -1.775510204 -0.0007973128813
2.387755102 -1.775510204 0.004139462952
2.510204082 -1.775510204 0.005051146727
2.632653061 -1.775510204 0.004313761368
2.755102041 -1.775510204 0.003145243507
2.87755102 -1.775510204 0.002076487988
3 -1.775510204 0.001273476286

-3 -1.653061224 0.0003595867893
-2.87755102 -1.653061224 0.0009560049511
-2.755102041 -1.653061224 0.002206811914
-2.632653061 -1.653061224 0.004635160789
-2.510204082 -1.653061224 0.00904341042
-2.387755102 -1.653061224 0.01656032167
-2.265306122 -1.653061224 0.0286132805
-2.142857143 -1.653061224 0.04675192386
-2.020408163 -1.653061224 0.07223270833
-1.897959184 -1.653061224 0.1052837968
-1.775510204 -1.653061224 0.144017607
-1.653061224 -1.653061224 0.1830618083
-1.530612245 -1.653061224 0.2121290267
-1.408163265 -1.653061224 0.2149309069
-1.285714286 -1.653061224 0.1689641029
-1.163265306 -1.653061224 0.04675741866
-1.040816327 -1.653061224 -0.1810457557
-0.9183673469 -1.653061224 -0.5407102704
-0.7959183673 -1.653061224 -1.049079537
-0.6734693878 -1.653061224 -1.70705688
-0.5510204082 -1.653061224 -2.494457483
-0.4285714286 -1.653061224 -3.367938519
-0.306122449 -1.653061224 -4.263253212
-0.1836734694 -1.653061224 -5.102185726
-0.0612244898 -1.653061224 -5.803335667
0.0612244898 -1.653061224 -6.294769287
0.1836734694 -1.653061224 -6.525891304
0.306122449 -1.653061224 -6.475853443
0.4285714286 -1.653061224 -6.156610966
0.5510204082 -1.653061224 -5.609998226
0.6734693878 -1.653061224 -4.899685383
0.7959183673 -1.653061224 -4.100002289
0.9183673469 -1.653061224 -3.28420639
1.040816327 -1.653061224 -2.5146029
1.163265306 -1.653061224 -1.836154461
1.285714286 -1.653061224 -1.274175167
1.408163265 -1.653061224 -0.8357053399
1.530612245 -1.653061224 -0.5134450197
1.653061224 -1.653061224 -0.2908478975
1.775510204 -1.653061224 -0.1471362114
1.897959184 -1.653061224 -0.06134276465
2.020408163 -1.653061224 -0.0149906287
2.142857143 -1.653061224 0.006588799413
2.265306122 -1.653061224 0.0140166441
2.387755102 -1.653061224 0.01432405692
2.510204082 -1.653061224 0.01173793804
2.632653061 -1.653061224 0.008518306538
2.755102041 -1.653061224 0.005682457704
2.87755102 -1.653061224 0.003548233071
3 -1.653061224 0.002095136326

-3 -1.530612245 -0.0002419843222
-2.87755102 -1.530612245 -2.224271884e-05
-2.755102041 -1.530612245 0.0006973083364
-2.632653061 -1.530612245 0.002445471007
-2.510204082 -1.530612245 0.006104229018
-2.387755102 -1.530612245 0.01302020345
-2.265306122 -1.530612245 0.02506198734
-2.142857143 -1.530612245 0.04454024136
-2.020408163 -1.530612245 0.07387687266
-1.897959184 -1.530612245 0.1149041876
-1.775510204 -1.530612245 0.1677145064
-1.653061224 -1.530612245 0.229078427
-1.530612245 -1.530612245 0.2906379402
-1.408163265 -1.530612245 0.3372766376
-1.285714286 -1.530612245 0.3462952971
-1.163265306 -1.530612245 0.2881052196
-1.040816327 -1.530612245 0.1290244609
-0.9183673469 -1.530612245 -0.163608253
-0.7959183673 -1.530612245 -0.6144118309
-0.6734693878 -1.530612245 -1.232236862
-0.5510204082 -1.530612245 -2.003487587
-0.4285714286 -1.530612245 -2.888531685
-0.306122449 -1.530612245 -3.822866201
-0.1836734694 -1.530612245 -4.72373867
-0.0612244898 -1.530612245 -5.501553535
0.0612244898 -1.530612245 -6.074005604
0.1836734694 -1.530612245 -6.379963398
0.306122449 -1.530612245 -6.389895916
0.4285714286 -1.530612245 -6.110467911
0.5510204082 -1.530612245 -5.582312107
0.6734693878 -1.530612245 -4.871712208
0.7959183673 -1.530612245 -4.058373451
0.9183673469 -1.530612245 -3.222181797
1.040816327 -1.530612245 -2.431801081
1.163265306 -1.530612245 -1.737111211
1.285714286 -1.530612245 -1.166285396
1.408163265 -1.530612245 -0.7271221876
1.530612245 -1.530612245 -0.4113883972
1.653061224 -1.530612245 -0.2005633265
1.775510204 -1.530612245 -0.07152634114
1.897959184 -1.530612245 -0.001141482498
2.020408163 -1.530612245 0.03073161654
2.142857143 -1.530612245 0.03979786858
2.265306122 -1.530612245 0.03713068739
2.387755102 -1.530612245 0.02976579592
2.510204082 -1.530612245 0.02165304311
2.632653061 -1.530612245 0.01464404166
2.755102041 -1.530612245 0.009327315725
2.87755102 -1.530612245 0.005638505332
3 -1.530612245 0.003251283197

-3 -1.408163265 -0.001251724665
-2.87755102 -1.408163265 -0.001718149055
-2.755102041 -1.408163265 -0.002028926509
-2.632653061 -1.408163265 -0.001729837153
-2.510204082 -1.408163265 5.291961133e-05
-2.387755102 -1.408163265 0.004808731377
-2.265306122 -1.408163265 0.01482200809
-2.142857143 -1.408163265 0.03324480727
-2.020408163 -1.408163265 0.06392317265
-1.897959184 -1.408163265 0.110811919
-1.775510204 -1.408163265 0.1768298745
-1.653061224 -1.408163265 0.2621041834
-1.530612245 -1.408163265 0.3617385924
-1.408163265 -1.408163265 0.4635218084
-1.285714286 -1.408163265 0.5462477207
-1.163265306 -1.408163265 0.5795372725
-1.040816327 -1.408163265 0.5259783864
-0.9183673469 -1.408163265 0.3460693657
-0.7959183673 -1.408163265 0.005720719695
-0.6734693878 -1.408163265 -0.5147737861
-0.5510204082 -1.408163265 -1.212286234
-0.4285714286 -1.408163265 -2.055264711
-0.306122449 -1.408163265 -2.983196259
-0.1836734694 -1.408163265 -3.912287474
-0.0612244898 -1.408163265 -4.747005939
0.0612244898 -1.408163265 -5.395455837
0.1836734694 -1.408163265 -5.785265446
0.306122449 -1.408163265 -5.876309395
0.4285714286 -1.408163265 -5.667283535
0.5510204082 -1.408163265 -5.194626808
0.6734693878 -1.408163265 -4.524366856
0.7959183673 -1.408163265 -3.739103794
0.9183673469 -1.408163265 -2.923407316
1.040816327 -1.408163265 -2.150903225
1.163265306 -1.408163265 -1.475455642
1.285714286 -1.408163265 -0.9275372624
1.408163265 -1.408163265 -0.5154237151
1.530612245 -1.408163265 -0.2298789918
1.653061224 -1.408163265 -0.05050599575
1.775510204 -1.408163265 0.04792230949
1.897959184 -1.408163265 0.09036219865
2.020408163 -1.408163265 0.09818706661
2.142857143 -1.408163265 0.08766393363
2.265306122 -1.408163265 0.06983801723
2.387755102 -1.408163265 0.05129719526
2.510204082 -1.408163265 0.03531518951
2.632653061 -1.408163265 0.02300374582
2.755102041 -1.408163265 0.01426228322
2.87755102 -1.408163265 0.008450296707
3 -1.408163265 0.004798161332

-3 -1.285714286 -0.002777654678
-2.87755102 -1.285714286 -0.004331352189
-2.755102041 -1.285714286 -0.006329804659
-2.632653061 -1.285714286 -0.008513065055
-2.510204082 -1.285714286 -0.01015958562
-2.387755102 -1.285714286 -0.009788254276
-2.265306122 -1.285714286 -0.004821124487
-2.142857143 -1.285714286 0.008699797094
-2.020408163 -1.285714286 0.03617672995
-1.897959184 -1.285714286 0.08407995105
-1.775510204 -1.285714286 0.1589000821
-1.653061224 -1.285714286 0.2652674019
-1.530612245 -1.285714286 0.4032951593
-1.408163265 -1.285714286 0.5654996037
-1.285714286 -1.285714286 0.7340499163
-1.163265306 -1.285714286 0.8793817759
-1.040816327 -1.285714286 0.9613089561
-0.9183673469 -1.285714286 0.9334231019
-0.7959183673 -1.285714286 0.7508721948
-0.6734693878 -1.285714286 0.3805116713
-0.5510204082 -1.285714286 -0.1886098385
-0.4285714286 -1.285714286 -0.9372247458
-0.306122449 -1.285714286 -1.81299448
-0.1836734694 -1.285714286 -2.734620094
-0.0612244898 -1.285714286 -3.603031397
0.0612244898 -1.285714286 -4.317694664
0.1836734694 -1.285714286 -4.794545174
0.306122449 -1.285714286 -4.981259823
0.4285714286 -1.285714286 -4.866195679
0.5510204082 -1.285714286 -4.478960037
0.6734693878 -1.285714286 -3.882781267
0.7959183673 -1.285714286 -3.160981178
0.9183673469 -1.285714286 -2.401108742
1.040816327 -1.285714286 -1.680499315
1.163265306 -1.285714286 -1.05613625
1.285714286 -1.285714286 -0.5602049828
1.408163265 -1.285714286 -0.2010762691
1.530612245 -1.285714286 0.03170741722
1.653061224 -1.285714286 0.1604924649
1.775510204 -1.285714286 0.2125424892
1.897959184 -1.285714286 0.2144307941
2.020408163 -1.285714286 0.1884478629
2.142857143 -1.285714286 0.1510287076
2.265306122 -1.285714286 0.1127590165
2.387755102 -1.285714286 0.07935135812
2.510204082 -1.285714286 0.05301239714
2.632653061 -1.285714286 0.03378053755
2.755102041 -1.285714286 0.02059897594
2.87755102 -1.285714286 0.01204895694
3 -1.285714286 0.006772571709

-3 -1.163265306 -0.004908347968
-2.87755102 -1.163265306 -0.008028952405
-2.755102041 -1.163265306 -0.01251157001
-2.632653061 -1.163265306 -0.01844920591
-2.510204082 -1.163265306 -0.02547509596
-2.387755102 -1.163265306 -0.03235137463
-2.265306122 -1.163265306 -0.03644342348
-2.142857143 -1.163265306 -0.03317173943
-2.020408163 -1.163265306 -0.01562957838
-1.897959184 -1.163265306 0.02535036951
-1.775510204 -1.163265306 0.1003459096
-1.653061224 -1.163265306 0.2194220275
-1.530612245 -1.163265306 0.3890605569
-1.408163265 -1.163265306 0.6082233191
-1.285714286 -1.163265306 0.8643334508
-1.163265306 -1.163265306 1.13039422
-1.040816327 -1.163265306 1.364703178
-0.9183673469 -1.163265306 1.514366031
-0.7959183673 -1.163265306 1.523092151
-0.6734693878 -1.163265306 1.342473507
-0.5510204082 -1.163265306 0.9446572065
-0.4285714286 -1.163265306 0.3332020044
-0.306122449 -1.163265306 -0.4512242079
-0.1836734694 -1.163265306 -1.332851768
-0.0612244898 -1.163265306 -2.211173296
0.0612244898 -1.163265306 -2.977981567
0.1836734694 -1.163265306 -3.537342548
0.306122449 -1.163265306 -3.823645353
0.4285714286 -1.163265306 -3.813289642
0.5510204082 -1.163265306 -3.52724576
0.6734693878 -1.163265306 -3.024280787
0.7959183673 -1.163265306 -2.387069464
0.9183673469 -1.163265306 -1.705107808
1.040816327 -1.163265306 -1.058679461
1.163265306 -1.163265306 -0.5073004365
1.285714286 -1.163265306 -0.08436313272
1.408163265 -1.163265306 0.202124387
1.530612245 -1.163265306 0.3642542362
1.653061224 -1.163265306 0.42665416
1.775510204 -1.163265306 0.4188348651
1.897959184 -1.163265306 0.3690493703
2.020408163 -1.163265306 0.3004198372
2.142857143 -1.163265306 0.2293388546
2.265306122 -1.163265306 0.1656394452
2.387755102 -1.163265306 0.1138278395
2.510204082 -1.163265306 0.07471606135
2.632653061 -1.163265306 0.04697496071
2.755102041 -1.163265306 0.02834670246
2.87755102 -1.163265306 0.01644412614
3 -1.163265306 0.009181879461

-3 -1.040816327 -0.007690525614
-2.87755102 -1.040816327 -0.01290413179
-2.755102041 -1.040816327 -0.02075442113
-2.632653061 -1.040816327 -0.03187649697
-2.510204082 -1.040816327 -0.04650957137
-2.387755102 -1.040816327 -0.06396886706
-2.265306122 -1.040816327 -0.08191055059
-2.142857143 -1.040816327 -0.09547374398
-2.020408163 -1.040816327 -0.09650726616
-1.897959184 -1.040816327 -0.07323002815
-1.775510204 -1.040816327 -0.01077565551
-1.653061224 -1.040816327 0.1069383174
-1.530612245 -1.040816327 0.2937729657
-1.408163265 -1.040816327 0.5565495491
-1.285714286 -1.040816327 0.8896332979
-1.163265306 -1.040816327 1.270329237
-1.040816327 -1.040816327 1.656894326
-0.9183673469 -1.040816327 1.990862489
-0.7959183673 -1.040816327 2.204612732
-0.6734693878 -1.040816327 2.233685732
-0.5510204082 -1.040816327 2.0317173
-0.4285714286 -1.040816327 1.584403157
-0.306122449 -1.040816327 0.9184131622
-0.1836734694 -1.040816327 0.1019109339
-0.0612244898 -1.040816327 -0.7646832466
0.0612244898 -1.040816327 -1.566291809
0.1836734694 -1.040816327 -2.195230246
0.306122449 -1.040816327 -2.572218657
0.4285714286 -1.040816327 -2.661079884
0.5510204082 -1.040816327 -2.473547459
0.6734693878 -1.040816327 -2.063486814
0.7959183673 -1.040816327 -1.512697816
0.9183673469 -1.040816327 -0.9125313163
1.040816327 -1.040816327 -0.3461509347
1.163265306 -1.040816327 0.1245675236
1.285714286 -1.040816327 0.4653587639
1.408163265 -1.040816327 0.6690805554
1.530612245 -1.040816327 0.7500660419
1.653061224 -1.040816327 0.7358424664
1.775510204 -1.040816327 0.6587025523
1.897959184 -1.040816327 0.5489637852
2.020408163 -1.040816327 0.4307868183
2.142857143 -1.040816327 0.320559293
2.265306122 -1.040816327 0.2272648513
2.387755102 -1.040816327 0.154022038
2.510204082 -1.040816327 0.100028865
2.632653061 -1.040816327 0.06236919388
2.755102041 -1.040816327 0.03738940135
2.87755102 -1.040816327 0.02157575451
3 -1.040816327 0.01199587807

-3 -0.9183673469 -0.01110675465
-2.87755102 -0.9183673469 -0.01893450506
-2.755102041 -0.9183673469 -0.03103714809
-2.632653061 -0.9183673469 -0.04879336804
-2.510204082 -0.9183673469 -0.07332487404
-2.387755102 -0.9183673469 -0.1048560813
-2.265306122 -0.9183673469 -0.1417607665
-2.142857143 -0.9183673469 -0.1793630868
-2.020408163 -0.9183673469 -0.2087159604
-1.897959184 -0.9183673469 -0.215771243
-1.775510204 -0.9183673469 -0.1815142632
-1.653061224 -0.9183673469 -0.08367841691
-1.530612245 -0.9183673469 0.0995356515
-1.408163265 -0.9183673469 0.3837789893
-1.285714286 -0.9183673469 0.7716901898
-1.163265306 -0.9183673469 1.246426821
-1.040816327 -0.9183673469 1.767776966
-0.9183673469 -0.9183673469 2.273046255
-0.7959183673 -0.9183673469 2.684196949
-0.6734693878 -0.9183673469 2.921071529
-0.5510204082 -0.9183673469 2.918581486
-0.4285714286 -0.9183673469 2.643897057
-0.306122449 -0.9183673469 2.108778715
-0.1836734694 -0.9183673469 1.372839928
-0.0612244898 -0.9183673469 0.5356060863
0.0612244898 -0.9183673469 -0.2815774977
0.1836734694 -0.9183673469 -0.9597100616
0.306122449 -0.9183673469 -1.406235456
0.4285714286 -0.9183673469 -1.572878003
0.5510204082 -0.9183673469 -1.462790728
0.6734693878 -0.9183673469 -1.125774384
0.7959183673 -0.9183673469 -0.6436731219
0.9183673469 -0.9183673469 -0.1105412617
1.040816327 -0.9183673469 0.3869665861
1.163265306 -0.9183673469 0.784360826
1.285714286 -0.9183673469 1.046648502
1.408163265 -0.9183673469 1.168052435
1.530612245 -0.9183673469 1.165888309
1.653061224 -0.9183673469 1.071421742
1.775510204 -0.9183673469 0.9205315709
1.897959184 -0.9183673469 0.7462665439
2.020408163 -0.9183673469 0.5743014216
2.142857143 -0.9183673469 0.421298027
2.265306122 -0.9183673469 0.2955010235
2.387755102 -0.9183673469 0.1986276656
2.510204082 -0.9183673469 0.1281734407
2.632653061 -0.9183673469 0.07951366156
2.755102041 -0.9183673469 0.0474745892
2.87755102 -0.9183673469 0.02730613574
3 -0.9183673469 0.01514169294

-3 -0.7959183673 -0.01505901664
-2.87755102 -0.7959183673 -0.02595100366
-2.755102041 -0.7959183673 -0.04307957366
-2.632653061 -0.7959183673 -0.06875526905
-2.510204082 -0.7959183673 -0.1052483097
-2.387755102 -0.7959183673 -0.1540486217
-2.265306122 -0.7959183673 -0.2146973312
-2.142857143 -0.7959183673 -0.2832326591
-2.020408163 -0.7959183673 -0.3504835069
-1.897959184 -0.7959183673 -0.4006866813
-1.775510204 -0.7959183673 -0.4111227393
-1.653061224 -0.7959183673 -0.3535753489
-1.530612245 -0.7959183673 -0.198233366
-1.408163265 -0.7959183673 0.0798420608
-1.285714286 -0.7959183673 0.4924302101
-1.163265306 -0.7959183673 1.029780865
-1.040816327 -0.7959183673 1.654720306
-0.9183673469 -0.7959183673 2.301962852
-0.7959183673 -0.7959183673 2.88464427
-0.6734693878 -0.7959183673 3.30830121
-0.5510204082 -0.7959183673 3.490223646
-0.4285714286 -0.7959183673 3.379807949
-0.306122449 -0.7959183673 2.974317312
-0.1836734694 -0.7959183673 2.324908495
-0.0612244898 -0.7959183673 1.530021787
0.0612244898 -0.7959183673 0.7167909741
0.1836734694 -0.7959183673 0.0147459954
0.306122449 -0.7959183673 -0.4713941813
0.4285714286 -0.7959183673 -0.6826876402
0.5510204082 -0.7959183673 -0.6153907776
0.6734693878 -0.7959183673 -0.3170427084
0.7959183673 -0.7959183673 0.1287282258
0.9183673469 -0.7959183673 0.6236863732
1.040816327 -0.7959183673 1.076635003
1.163265306 -0.7959183673 1.419940352
1.285714286 -0.7959183673 1.61787951
1.408163265 -0.7959183673 1.666486621
1.530612245 -0.7959183673 1.58681488
1.653061224 -0.7959183673 1.414778829
1.775510204 -0.7959183673 1.190754414
1.897959184 -0.7959183673 0.9513241649
2.020408163 -0.7959183673 0.72430861
2.142857143 -0.7959183673 0.5270875096
2.265306122 -0.7959183673 0.367435962
2.387755102 -0.7959183673 0.2458031029
2.510204082 -0.7959183673 0.1580205113
2.632653061 -0.7959183673 0.09773718566
2.755102041 -0.7959183673 0.05821571499
2.87755102 -0.7959183673 0.03341968358
3 -0.7959183673 0.01850284077

-3 -0.6734693878 -0.01936327666
-2.87755102 -0.6734693878 -0.03362702578
-2.755102041 -0.6734693878 -0.05632159114
-2.632653061 -0.6734693878 -0.09083487093
-2.510204082 -0.6734693878 -0.1407995224
-2.387755102 -0.6734693878 -0.2092717588
-2.265306122 -0.6734693878 -0.2973606288
-2.142857143 -0.6734693878 -0.4023242891
-2.020408163 -0.6734693878 -0.5153667927
-1.897959184 -0.6734693878 -0.6196669936
-1.775510204 -0.6734693878 -0.6894572973
-1.653061224 -0.6734693878 -0.6911361217
-1.530612245 -0.6734693878 -0.5872471929
-1.408163265 -0.6734693878 -0.343621701
-1.285714286 -0.6734693878 0.06101381779
-1.163265306 -0.6734693878 0.6248253584
-1.040816327 -0.6734693878 1.314985514
-0.9183673469 -0.6734693878 2.065349579
-0.7959183673 -0.6734693878 2.782261133
-0.6734693878 -0.6734693878 3.359128475
-0.5510204082 -0.6734693878 3.697722673
-0.4285714286 -0.6734693878 3.731502771
-0.306122449 -0.6734693878 3.444622755
-0.1836734694 -0.6734693878 2.880589724
-0.0612244898 -0.6734693878 2.13689518
0.0612244898 -0.6734693878 1.345921278
0.1836734694 -0.6734693878 0.6465505362
0.306122449 -0.6734693878 0.1539656818
0.4285714286 -0.6734693878 -0.06429481506
0.5510204082 -0.6734693878 0.000169435516
0.6734693878 -0.6734693878 0.2998763025
0.7959183673 -0.6734693878 0.747446835
0.9183673469 -0.6734693878 1.238891959
1.040816327 -0.6734693878 1.677399278
1.163265306 -0.6734693878 1.991646767
1.285714286 -0.6734693878 2.145127058
1.408163265 -0.6734693878 2.136030436
1.530612245 -0.6734693878 1.989767551
1.653061224 -0.6734693878 1.747660875
1.775510204 -0.6734693878 1.455369473
1.897959184 -0.6734693878 1.153735161
2.020408163 -0.6734693878 0.8733329177
2.142857143 -0.6734693878 0.6327320337
2.265306122 -0.6734693878 0.4395791888
2.387755102 -0.6734693878 0.2932822406
2.510204082 -0.6734693878 0.188148126
2.632653061 -0.6734693878 0.116177775
2.755102041 -0.6734693878 0.06910771877
2.87755102 -0.6734693878 0.03963029385
3 -0.6734693878 0.02192269266

-3 -0.5510204082 -0.02375925146
-2.87755102 -0.5510204082 -0.04149571061
-2.755102041 -0.5510204082 -0.06995256245
-2.632653061 -0.5510204082 -0.1136703193
-2.510204082 -0.5510204082 -0.1777669787
-2.387755102 -0.5510204082 -0.2670555711
-2.265306122 -0.5510204082 -0.3844949901
-2.142857143 -0.5510204082 -0.5289592147
-2.020408163 -0.5510204082 -0.6925520897
-1.897959184 -0.5510204082 -0.8580486178
-1.775510204 -0.5510204082 -0.9973881841
-1.653061224 -0.5510204082 -1.072376728
-1.530612245 -0.5510204082 -1.038644433
-1.408163265 -0.5510204082 -0.8533187509
-1.285714286 -0.5510204082 -0.4858013093
-1.163265306 -0.5510204082 0.07034522295
-1.040816327 -0.5510204082 0.7876162529
-0.9183673469 -0.5510204082 1.6006459
-0.7959183673 -0.5510204082 2.411212921
-0.6734693878 -0.5510204082 3.103207111
-0.5510204082 -0.5510204082 3.565601826
-0.4285714286 -0.5510204082 3.718397379
-0.306122449 -0.5510204082 3.534544945
-0.1836734694 -0.5510204082 3.050970793
-0.0612244898 -0.5510204082 2.36433506
0.0612244898 -0.5510204082 1.611439586
0.1836734694 -0.5510204082 0.9389194846
0.306122449 -0.5510204082 0.4703039825
0.4285714286 -0.5510204082 0.2794057131
0.5510204082 -0.5510204082 0.3770330846
0.6734693878 -0.5510204082 0.7138081193
0.7959183673 -0.5510204082 1.197070956
0.9183673469 -0.5510204082 1.716015339
1.040816327 -0.5510204082 2.167585135
1.163265306 -0.5510204082 2.476506472
1.285714286 -0.5510204082 2.605501413
1.408163265 -0.5510204082 2.55511713
1.530612245 -0.5510204082 2.355449677
1.653061224 -0.5510204082 2.053619146
1.775510204 -0.5510204082 1.700985551
1.897959184 -0.5510204082 1.343063712
2.020408163 -0.5510204082 1.01357758
2.142857143 -0.5510204082 0.732640028
2.265306122 -0.5510204082 0.508076489
2.387755102 -0.5510204082 0.3385091424
2.510204082 -0.5510204082 0.2169244438
2.632653061 -0.5510204082 0.1338312775
2.755102041 -0.5510204082 0.07955495268
2.87755102 -0.5510204082 0.04559710622
3 -0.5510204082 0.02521296218

-3 -0.4285714286 -0.0279356502
-2.87755102 -0.4285714286 -0.04899593815
-2.755102041 -0.4285714286 -0.08299271017
-2.632653061 -0.4285714286 -0.1356051862
-2.510204082 -0.4285714286 -0.2134401798
-2.387755102 -0.4285714286 -0.3231096268
-2.265306122 -0.4285714286 -0.4695337415
-2.142857143 -0.4285714286 -0.6534227729
-2.020408163 -0.4285714286 -0.8681530952
-1.897959184 -0.4285714286 -1.096655726
-1.775510204 -0.4285714286 -1.309337854
-1.653061224 -0.4285714286 -1.464345932
-1.530612245 -0.4285714286 -1.511410594
-1.408163265 -0.4285714286 -1.399900317
-1.285714286 -0.4285714286 -1.090552688
-1.163265306 -0.4285714286 -0.5688111782
-1.040816327 -0.4285714286 0.143714726
-0.9183673469 -0.4285714286 0.9838345647
-0.7959183673 -0.4285714286 1.850954533
-0.6734693878 -0.4285714286 2.622221947
-0.5510204082 -0.4285714286 3.17679739
-0.4285714286 -0.4285714286 3.423954964
-0.306122449 -0.4285714286 3.327463388
-0.1836734694 -0.4285714286 2.918642998
-0.0612244898 -0.4285714286 2.293106556
0.0612244898 -0.4285714286 1.590788007
0.1836734694 -0.4285714286 0.9640245438
0.306122449 -0.4285714286 0.5423158407
0.4285714286 -0.4285714286 0.4034864306
0.5510204082 -0.4285714286 0.5589443445
0.6734693878 -0.4285714286 0.9562339187
0.7959183673 -0.4285714286 1.496853471
0.9183673469 -0.4285714286 2.06309557
1.040816327 -0.4285714286 2.545845032
1.163265306 -0.4285714286 2.866125345
1.285714286 -0.4285714286 2.986061573
1.408163265 -0.4285714286 2.908601046
1.530612245 -0.4285714286 2.668436766
1.653061224 -0.4285714286 2.318343878
1.775510204 -0.4285714286 1.91524756
1.897959184 -0.4285714286 1.50926733
2.020408163 -0.4285714286 1.137300253
2.142857143 -0.4285714286 0.8211236596
2.265306122 -0.4285714286 0.5689328909
2.387755102 -0.4285714286 0.3787948489
2.510204082 -0.4285714286 0.2426117957
2.632653061 -0.4285714286 0.1496180743
2.755102041 -0.4285714286 0.08891170472
2.87755102 -0.4285714286 0.0509480387
3 -0.4285714286 0.02816695161

-3 -0.306122449 -0.03156775609
-2.87755102 -0.306122449 -0.05554114282
-2.755102041 -0.306122449 -0.09441502392
-2.632653061 -0.306122449 -0.1548980325
-2.510204082 -0.306122449 -0.2449604571
-2.387755102 -0.306122449 -0.3728920221
-2.265306122 -0.306122449 -0.5454952121
-2.142857143 -0.306122449 -0.7653341889
-2.020408163 -0.306122449 -1.027242661
-1.897959184 -0.306122449 -1.314732075
-1.775510204 -0.306122449 -1.597392559
-1.653061224 -0.306122449 -1.830727816
-1.530612245 -0.306122449 -1.959813595
-1.408163265 -0.306122449 -1.927573323
-1.285714286 -0.306122449 -1.687209129
-1.163265306 -0.306122449 -1.21668911
-1.040816327 -0.306122449 -0.5316015482
-0.9183673469 -0.306122449 0.3081290126
-0.7959183673 -0.306122449 1.201577663
-0.6734693878 -0.306122449 2.021925688
-0.5510204082 -0.306122449 2.641580105
-0.4285714286 -0.306122449 2.961861849
-0.306122449 -0.306122449 2.939281702
-0.1836734694 -0.306122449 2.600237846
-0.0612244898 -0.306122449 2.03862381
0.0612244898 -0.306122449 1.395689726
0.1836734694 -0.306122449 0.8269900084
0.306122449 -0.306122449 0.4654535353
0.4285714286 -0.306122449 0.390882045
0.5510204082 -0.306122449 0.6141309738
0.6734693878 -0.306122449 1.079494596
0.7959183673 -0.306122449 1.683267117
0.9183673469 -0.306122449 2.301936626
1.040816327 -0.306122449 2.821478605
1.163265306 -0.306122449 3.160074472
1.285714286 -0.306122449 3.279629469
1.408163265 -0.306122449 3.185353756
1.530612245 -0.306122449 2.916008711
1.653061224 -0.306122449 2.529278278
1.775510204 -0.306122449 2.08689332
1.897959184 -0.306122449 1.642953992
2.020408163 -0.306122449 1.237129569
2.142857143 -0.306122449 0.8926964402
2.265306122 -0.306122449 0.6182570457
2.387755102 -0.306122449 0.4115000963
2.510204082 -0.306122449 0.263494432
2.632653061 -0.306122449 0.1624670923
2.755102041 -0.306122449 0.09653495252
2.87755102 -0.306122449 0.055311542
3 -0.306122449 0.03057772852

-3 -0.1836734694 -0.03436016291
-2.87755102 -0.1836734694 -0.06059728935
-2.755102041 -0.1836734694 -0.1032842025
-2.632653061 -0.1836734694 -0.1699617058
-2.510204082 -0.1836734694 -0.2697198391
-2.387755102 -0.1836734694 -0.4122553468
-2.265306122 -0.1836734694 -0.6059972048
-2.142857143 -0.1836734694 -0.8551924229
-2.020408163 -0.1836734694 -1.156140447
-1.897959184 -0.1836734694 -1.493225098
-1.775510204 -0.1836734694 -1.835889101
-1.653061224 -0.1836734694 -2.138073683
-1.530612245 -0.1836734694 -2.341648817
-1.408163265 -0.1836734694 -2.384735346
-1.285714286 -0.1836734694 -2.214556932
-1.163265306 -0.1836734694 -1.802708745
-1.040816327 -0.1836734694 -1.159041643
-0.9183673469 -0.1836734694 -0.3394386768
-0.7959183673 -0.1836734694 0.5567315221
-0.6734693878 -0.1836734694 1.401423573
-0.5510204082 -0.1836734694 2.063388348
-0.4285714286 -0.1836734694 2.43878293
-0.306122449 -0.1836734694 2.478688955
-0.1836734694 -0.1836734694 2.205007315
-0.0612244898 -0.1836734694 1.708836198
0.0612244898 -0.1836734694 1.130470395
0.1836734694 -0.1836734694 0.6258347631
0.306122449 -0.1836734694 0.3286236823
0.4285714286 -0.1836734694 0.3188146055
0.5510204082 -0.1836734694 0.6061697602
0.6734693878 -0.1836734694 1.132485747
0.7959183673 -0.1836734694 1.790581346
0.9183673469 -0.1836734694 2.453306675
1.040816327 -0.1836734694 3.00374651
1.163265306 -0.1836734694 3.358647823
1.285714286 -0.1836734694 3.480250597
1.408163265 -0.1836734694 3.37573576
1.530612245 -0.1836734694 3.08698678
1.653061224 -0.1836734694 2.675311804
1.775510204 -0.1836734694 2.205917597
1.897959184 -0.1836734694 1.73576057
2.020408163 -0.1836734694 1.306490302
2.142857143 -0.1836734694 0.9424580932
2.265306122 -0.1836734694 0.6525700092
2.387755102 -0.1836734694 0.4342640042
2.510204082 -0.1836734694 0.2780365348
2.632653061 -0.1836734694 0.1714190543
2.755102041 -0.1836734694 0.1018486023
2.87755102 -0.1836734694 0.05835440755
3 -0.1836734694 0.03225963935

-3 -0.0612244898 -0.03608680516
-2.87755102 -0.0612244898 -0.06375561655
-2.755102041 -0.0612244898 -0.1088837832
-2.632653061 -0.0612244898 -0.1795802712
-2.510204082 -0.0612244898 -0.2857204974
-2.387755102 -0.0612244898 -0.4380225241
-2.265306122 -0.0612244898 -0.6461515427
-2.142857143 -0.0612244898 -0.9157244563
-2.020408163 -0.0612244898 -1.244382143
-1.897959184 -0.0612244898 -1.617578983
-1.775510204 -0.0612244898 -2.005248547
-1.653061224 -0.0612244898 -2.360918522
-1.530612245 -0.0612244898 -2.624874353
-1.408163265 -0.0612244898 -2.732357502
-1.285714286 -0.0612244898 -2.626523972
-1.163265306 -0.0612244898 -2.274078131
-1.040816327 -0.0612244898 -1.679766297
-0.9183673469 -0.0612244898 -0.8948973417
-0.7959183673 -0.0612244898 -0.01553019881
-0.6734693878 -0.0612244898 0.8318062425
-0.5510204082 -0.0612244898 1.515382171
-0.4285714286 -0.0612244898 1.929066658
-0.306122449 -0.0612244898 2.020364285
-0.1836734694 -0.0612244898 1.807004929
-0.0612244898 -0.0612244898 1.376009226
0.0612244898 -0.0612244898 0.8641732931
0.1836734694 -0.0612244898 0.4247123301
0.306122449 -0.0612244898 0.1893360019
0.4285714286 -0.0612244898 0.236536622
0.5510204082 -0.0612244898 0.5748415589
0.6734693878 -0.0612244898 1.144917011
0.7959183673 -0.0612244898 1.838567495
0.9183673469 -0.0612244898 2.527893305
1.040816327 -0.0612244898 3.095693111
1.163265306 -0.0612244898 3.459051847
1.285714286 -0.0612244898 3.581202745
1.408163265 -0.0612244898 3.470874786
1.530612245 -0.0612244898 3.1718328
1.653061224 -0.0612244898 2.747320414
1.775510204 -0.0612244898 2.26429224
1.897959184 -0.0612244898 1.781075954
2.020408163 -0.0612244898 1.340238214
2.142857143 -0.0612244898 0.9666042924
2.265306122 -0.0612244898 0.6691862345
2.387755102 -0.0612244898 0.445271492
2.510204082 -0.0612244898 0.2850615382
2.632653061 -0.0612244898 0.1757411361
2.755102041 -0.0612244898 0.1044134349
2.87755102 -0.0612244898 0.05982321501
3 -0.0612244898 0.03307170421

-3 0.0612244898 -0.0366198197
-2.87755102 0.0612244898 -0.06478433311
-2.755102041 0.0612244898 -0.110806711
-2.632653061 0.0612244898 -0.1830610931
-2.510204082 0.0612244898 -0.291821301
-2.387755102 0.0612244898 -0.4483743012
-2.265306122 0.0612244898 -0.6631528735
-2.142857143 0.0612244898 -0.9427456856
-2.020408163 0.0612244898 -1.285933495
-1.897959184 0.0612244898 -1.679382443
-1.775510204 0.0612244898 -2.094141006
-1.653061224 0.0612244898 -2.484513521
-1.530612245 0.0612244898 -2.790932894
-1.408163265 0.0612244898 -2.947865248
-1.285714286 0.0612244898 -2.896541119
-1.163265306 0.0612244898 -2.600516319
-1.040816327 0.0612244898 -2.060305357
-0.9183673469 0.0612244898 -1.32230413
-0.7959183673 0.0612244898 -0.4776063859
-0.6734693878 0.0612244898 0.3515033126
-0.5510204082 0.0612244898 1.036056995
-0.4285714286 0.0612244898 1.47061789
-0.306122449 0.0612244898 1.601066947
-0.1836734694 0.0612244898 1.441358328
-0.0612244898 0.0612244898 1.073157191
0.0612244898 0.0612244898 0.627181828
0.1836734694 0.0612244898 0.250810653
0.306122449 0.0612244898 0.07101040334
0.4285714286 0.0612244898 0.1631968468
0.5510204082 0.0612244898 0.5346881151
0.6734693878 0.0612244898 1.126641273
0.7959183673 0.0612244898 1.832609534
0.9183673469 0.0612244898 2.527126312
1.040816327 0.0612244898 3.095546961
1.163265306 0.0612244898 3.457196712
1.285714286 0.0612244898 3.576987028
1.408163265 0.0612244898 3.464686155
1.530612245 0.0612244898 3.164533854
1.653061224 0.0612244898 2.739832878
1.775510204 0.0612244898 2.257352829
1.897959184 0.0612244898 1.775142431
2.020408163 0.0612244898 1.335496068
2.142857143 0.0612244898 0.9630314112
2.265306122 0.0612244898 0.6666334867
2.387755102 0.0612244898 0.4435344934
2.510204082 0.0612244898 0.2839322984
2.632653061 0.0612244898 0.1750380397
2.755102041 0.0612244898 0.1039933637
2.87755102 0.0612244898 0.05958202109
3 0.0612244898 0.03293845057

-3 0.1836734694 -0.03594264388
-2.87755102 0.1836734694 -0.06365141273
-2.755102041 0.1836734694 -0.1089929789
-2.632653061 0.1836734694 -0.1802953184
-2.510204082 0.1836734694 -0.2878311276
-2.387755102 0.1836734694 -0.4429854155
-2.265306122 0.1836734694 -0.6564653516
-2.142857143 0.1836734694 -0.9354017377
-2.020408163 0.1836734694 -1.279475451
-1.897959184 0.1836734694 -1.67666471
-1.775510204 0.1836734694 -2.099717617
-1.653061224 0.1836734694 -2.504875422
-1.530612245 0.1836734694 -2.834437847
-1.408163265 0.1836734694 -3.024215937
-1.285714286 0.1836734694 -3.015708685
-1.163265306 0.1836734694 -2.771155596
-1.040816327 0.1836734694 -2.287842274
-0.9183673469 0.1836734694 -1.607063413
-0.7959183673 0.1836734694 -0.8134564757
-0.6734693878 0.1836734694 -0.02247717977
-0.5510204082 0.1836734694 0.6428015232
-0.4285714286 0.1836734694 1.080571651
-0.306122449 0.1836734694 1.237065196
-0.1836734694 0.1836734694 1.122943401
-0.0612244898 0.1836734694 0.8133811355
0.0612244898 0.1836734694 0.4306126237
0.1836734694 0.1836734694 0.1132283956
0.306122449 0.1836734694 -0.01915385574
0.4285714286 0.1836734694 0.1043265238
0.5510204082 0.1836734694 0.489865303
0.6734693878 0.1836734694 1.080744743
0.7959183673 0.1836734694 1.775005221
0.9183673469 0.1836734694 2.452747345
1.040816327 0.1836734694 3.004662514
1.163265306 0.1836734694 3.354170561
1.285714286 0.1836734694 3.468494892
1.408163265 0.1836734694 3.357905865
1.530612245 0.1836734694 3.065692902
1.653061224 0.1836734694 2.653333426
1.775510204 0.1836734694 2.185479403
1.897959184 0.1836734694 1.718247533
2.020408163 0.1836734694 1.292473793
2.142857143 0.1836734694 0.9318873882
2.265306122 0.1836734694 0.6450122595
2.387755102 0.1836734694 0.4291186035
2.510204082 0.1836734694 0.2746901512
2.632653061 0.1836734694 0.1693348885
2.755102041 0.1836734694 0.1006030962
2.87755102 0.1836734694 0.05763912573
3 0.1836734694 0.03186439723

-3 0.306122449 -0.03414608166
-2.87755102 0.306122449 -0.06051655859
-2.755102041 0.306122449 -0.1037137806
-2.632653061 0.306122449 -0.1717272997
-2.510204082 0.306122449 -0.2744511664
-2.387755102 0.306122449 -0.4229202867
-2.265306122 0.306122449 -0.6276391149
-2.142857143 0.306122449 -0.8958541751
-2.020408163 0.306122449 -1.227884054
-1.897959184 0.306122449 -1.613059521
-1.775510204 0.306122449 -2.026307106
-1.653061224 0.306122449 -2.426811218
-1.530612245 0.306122449 -2.760270834
-1.408163265 0.306122449 -2.965754986
-1.285714286 0.306122449 -2.987057447
-1.163265306 0.306122449 -2.786826611
-1.040816327 0.306122449 -2.36013937
-0.9183673469 0.306122449 -1.743166208
-0.7959183673 0.306122449 -1.012905478
-0.6734693878 0.306122449 -0.2758176327
-0.5510204082 0.306122449 0.3536009789
-0.4285714286 0.306122449 0.7797018886
-0.306122449 0.306122449 0.9507792592
-0.1836734694 0.306122449 0.8746171594
-0.0612244898 0.306122449 0.6189060211
0.0612244898 0.306122449 0.2953032851
0.1836734694 0.306122449 0.03106299788
0.306122449 0.306122449 -0.06375861913
0.4285714286 0.306122449 0.07595959306
0.5510204082 0.306122449 0.4555181265
0.6734693878 0.306122449 1.021934271
0.7959183673 0.306122449 1.680318356
0.9183673469 0.306122449 2.319247246
1.040816327 0.306122449 2.837311506
1.163265306 0.306122449 3.163710117
1.285714286 0.306122449 3.268546343
1.408163265 0.306122449 3.16207552
1.530612245 0.306122449 2.885312796
1.653061224 0.306122449 2.496152401
1.775510204 0.306122449 2.055337191
1.897959184 0.306122449 1.615517497
2.020408163 0.306122449 1.21496129
2.142857143 0.306122449 0.875868082
2.265306122 0.306122449 0.6061683893
2.387755102 0.306122449 0.4032413363
2.510204082 0.306122449 0.2581088841
2.632653061 0.306122449 0.1591058224
2.755102041 0.306122449 0.09452292323
2.87755102 0.306122449 0.05415450409
3 0.306122449 0.02993767522

-3 0.4285714286 -0.03140980378
-2.87755102 0.4285714286 -0.05569737032
-2.755102041 0.4285714286 -0.09551178664
-2.632653061 0.4285714286 -0.1582517624
-2.510204082 0.4285714286 -0.2531036437
-2.387755102 0.4285714286 -0.3903549314
-2.265306122 0.4285714286 -0.5798738003
-2.142857143 0.4285714286 -0.8286137581
-2.020408163 0.4285714286 -1.137239337
-1.897959184 0.4285714286 -1.496373415
-1.775510204 0.4285714286 -1.883404374
-1.653061224 0.4285714286 -2.261171341
-1.530612245 0.4285714286 -2.579918623
-1.408163265 0.4285714286 -2.783461809
-1.285714286 0.4285714286 -2.819502115
-1.163265306 0.4285714286 -2.652547121
-1.040816327 0.4285714286 -2.276404619
-0.9183673469 0.4285714286 -1.722302914
-0.7959183673 0.4285714286 -1.058917999
-0.6734693878 0.4285714286 -0.3823008537
-0.5510204082 0.4285714286 0.2034241855
-0.4285714286 0.4285714286 0.6104437113
-0.306122449 0.4285714286 0.7901619077
-0.1836734694 0.4285714286 0.7475609779
-0.0612244898 0.4285714286 0.5418923497
0.0612244898 0.4285714286 0.2725189924
0.1836734694 0.4285714286 0.0534080267
0.306122449 0.4285714286 -0.01650040597
0.4285714286 0.4285714286 0.1215489358
0.5510204082 0.4285714286 0.47253564
0.6734693878 0.4285714286 0.9889196754
0.7959183673 0.4285714286 1.585348129
0.9183673469 0.4285714286 2.161544561
1.040816327 0.4285714286 2.626297474
1.163265306 0.4285714286 2.91608882
1.285714286 0.4285714286 3.004401445
1.408163265 0.4285714286 2.901031733
1.530612245 0.4285714286 2.64356041
1.653061224 0.4285714286 2.284768105
1.775510204 0.4285714286 1.879913449
1.897959184 0.4285714286 1.476819873
2.020408163 0.4285714286 1.110185146
2.142857143 0.4285714286 0.8000742793
2.265306122 0.4285714286 0.5535727143
2.387755102 0.4285714286 0.3681800067
2.510204082 0.4285714286 0.2356297821
2.632653061 0.4285714286 0.145231232
2.755102041 0.4285714286 0.08627186716
2.87755102 0.4285714286 0.04942351207
3 0.4285714286 0.02732068673

-3 0.5510204082 -0.02797457948
-2.87755102 0.5510204082 -0.04961982369
-2.755102041 0.5510204082 -0.08511499316
-2.632653061 0.5510204082 -0.141069904
-2.510204082 0.5510204082 -0.2256991267
-2.387755102 0.5510204082 -0.3482144475
-2.265306122 0.5510204082 -0.5174726844
-2.142857143 0.5510204082 -0.7397496104
-2.020408163 0.5510204082 -1.015724182
-1.897959184 0.5510204082 -1.337110758
-1.775510204 0.5510204082 -1.683775783
-1.653061224 0.5510204082 -2.022513866
-1.530612245 0.5510204082 -2.308725834
-1.408163265 0.5510204082 -2.491858006
-1.285714286 0.5510204082 -2.524559259
-1.163265306 0.5510204082 -2.37421298
-1.040816327 0.5510204082 -2.03416276
-0.9183673469 0.5510204082 -1.53111732
-0.7959183673 0.5510204082 -0.9254082441
-0.6734693878 0.5510204082 -0.3022804558
-0.5510204082 0.5510204082 0.2450765669
-0.4285714286 0.5510204082 0.6371277571
-0.306122449 0.5510204082 0.8284351826
-0.1836734694 0.5510204082 0.8206704855
-0.0612244898 0.5510204082 0.6636126041
0.0612244898 0.5510204082 0.4430093467
0.1836734694 0.5510204082 0.2583219707
0.306122449 0.5510204082 0.1966800988
0.4285714286 0.5510204082 0.3106270134
0.5510204082 0.5510204082 0.6059401631
0.6734693878 0.5510204082 1.042473316
0.7959183673 0.5510204082 1.546848536
0.9183673469 0.5510204082 2.032403946
1.040816327 0.5510204082 2.420181036
1.163265306 0.5510204082 2.655265331
1.285714286 0.5510204082 2.714981318
1.408163265 0.5510204082 2.608316898
1.530612245 0.5510204082 2.368480444
1.653061224 0.5510204082 2.041873693
1.775510204 0.5510204082 1.67695272
1.897959184 0.5510204082 1.315548897
2.020408163 0.5510204082 0.98790133
2.142857143 0.5510204082 0.7113617659
2.265306122 0.5510204082 0.4918736815
2.387755102 0.5510204082 0.3269756436
2.510204082 0.5510204082 0.2091730982
2.632653061 0.5510204082 0.1288814545
2.755102041 0.5510204082 0.07653872669
2.87755102 0.5510204082 0.04383783415
3 0.5510204082 0.02422853746

-3 0.6734693878 -0.02411055006
-2.87755102 0.6734693878 -0.04276235402
-2.755102041 0.6734693878 -0.07334250212
-2.632653061 0.6734693878 -0.1215352714
-2.510204082 0.6734693878 -0.1943941563
-2.387755102 0.6734693878 -0.2998072803
-2.265306122 0.6734693878 -0.4453142881
-2.142857143 0.6734693878 -0.6361633539
-2.020408163 0.6734693878 -0.8726784587
-1.897959184 0.6734693878 -1.147319436
-1.775510204 0.6734693878 -1.442159176
-1.653061224 0.6734693878 -1.727803111
-1.530612245 0.6734693878 -1.964833736
-1.408163265 0.6734693878 -2.108540297
-1.285714286 0.6734693878 -2.116912842
-1.163265306 0.6734693878 -1.960749507
-1.040816327 0.6734693878 -1.63355279
-0.9183673469 0.6734693878 -1.158173442
-0.7959183673 0.6734693878 -0.5872749686
-0.6734693878 0.6734693878 0.004001915455
-0.5510204082 0.6734693878 0.532628417
-0.4285714286 0.6734693878 0.9264484644
-0.306122449 0.6734693878 1.142131567
-0.1836734694 0.6734693878 1.176881433
-0.0612244898 0.6734693878 1.069870591
0.0612244898 0.6734693878 0.89232862
0.1836734694 0.6734693878 0.7287737131
0.306122449 0.6734693878 0.6547547579
0.4285714286 0.6734693878 0.7175934315
0.5510204082 0.6734693878 0.9255639315
0.6734693878 0.6734693878 1.248116136
0.7959183673 0.6734693878 1.626243472
0.9183673469 0.6734693878 1.989138246
1.040816327 0.6734693878 2.271876335
1.163265306 0.6734693878 2.42927289
1.285714286 0.6734693878 2.442904234
1.408163265 0.6734693878 2.320730209
1.530612245 0.6734693878 2.09088397
1.653061224 0.6734693878 1.792428851
1.775510204 0.6734693878 1.465988278
1.897959184 0.6734693878 1.146461487
2.020408163 0.6734693878 0.8588659763
2.142857143 0.6734693878 0.6172934175
2.265306122 0.6734693878 0.4262009263
2.387755102 0.6734693878 0.282985419
2.510204082 0.6734693878 0.1808592379
2.632653061 0.6734693878 0.1113492548
2.755102041 0.6734693878 0.06608451158
2.87755102 0.6734693878 0.03783002868
3 0.6734693878 0.0208988227

-3 0.7959183673 -0.02008720487
-2.87755102 0.7959183673 -0.03560358286
-2.755102041 0.7959183673 -0.06101615354
-2.632653061 0.7959183673 -0.1010110155
-2.510204082 0.7959183673 -0.1613708884
-2.387755102 0.7959183673 -0.2485001236
-2.265306122 0.7959183673 -0.3683991134
-2.142857143 0.7959183673 -0.5249919891
-2.020408163 0.7959183673 -0.7178731561
-1.897959184 0.7959183673 -0.9397993684
-1.775510204 0.7959183673 -1.174544573
-1.653061224 0.7959183673 -1.395998597
-1.530612245 0.7959183673 -1.569434404
-1.408163265 0.7959183673 -1.655601263
-1.285714286 0.7959183673 -1.617636323
-1.163265306 0.7959183673 -1.42983532
-1.040816327 0.7959183673 -1.086297154
-0.9183673469 0.7959183673 -0.6068528891
-0.7959183673 0.7959183673 -0.03774939477
-0.6734693878 0.7959183673 0.5543571711
-0.5510204082 0.7959183673 1.094711781
-0.4285714286 0.7959183673 1.516537547
-0.306122449 0.7959183673 1.77670002
-0.1836734694 0.7959183673 1.866327286
-0.0612244898 0.7959183673 1.812885404
0.0612244898 0.7959183673 1.672650814
0.1836734694 0.7959183673 1.515509129
0.306122449 0.7959183673 1.406466484
0.4285714286 0.7959183673 1.389274478
0.5510204082 0.7959183673 1.476770043
0.6734693878 0.7959183673 1.65023458
0.7959183673 0.7959183673 1.867178679
0.9183673469 0.7959183673 2.074490547
1.040816327 0.7959183673 2.222658396
1.163265306 0.7959183673 2.277076483
1.285714286 0.7959183673 2.22390604
1.408163265 0.7959183673 2.069968939
1.530612245 0.7959183673 1.837898016
1.653061224 0.7959183673 1.558797359
1.775510204 0.7959183673 1.264771223
1.897959184 0.7959183673 0.9831185937
2.020408163 0.7959183673 0.7330536842
2.142857143 0.7959183673 0.5249351859
2.265306122 0.7959183673 0.3613767326
2.387755102 0.7959183673 0.2393814325
2.510204082 0.7959183673 0.1526999474
2.632653061 0.7959183673 0.0938654691
2.755102041 0.7959183673 0.05563600734
2.87755102 0.7959183673 0.03181440383
3 0.7959183673 0.01755960286

-3 0.9183673469 -0.0161479786
-2.87755102 0.9183673469 -0.02857815474
-2.755102041 0.9183673469 -0.04888699949
-2.632653061 0.9183673469 -0.08075228333
-2.510204082 0.9183673469 -0.1286559552
-2.387755102 0.9183673469 -0.197453633
-2.265306122 0.9183673469 -0.2914823294
-2.142857143 0.9183673469 -0.4131326079
-2.020408163 0.9183673469 -0.5609437227
-1.897959184 0.9183673469 -0.7275010943
-1.775510204 0.9183673469 -0.8976625204
-1.653061224 0.9183673469 -1.047851562
-1.530612245 0.9183673469 -1.147206783
-1.408163265 0.9183673469 -1.161143303
-1.285714286 0.9183673469 -1.0573349
-1.163265306 0.9183673469 -0.8133124113
-1.040816327 0.9183673469 -0.4240312278
-0.9183673469 0.9183673469 0.09280116856
-0.7959183673 0.9183673469 0.6957957745
-0.6734693878 0.9183673469 1.324650049
-0.5510204082 0.9183673469 1.910392761
-0.4285714286 0.9183673469 2.389088869
-0.306122449 0.9183673469 2.715558767
-0.1836734694 0.9183673469 2.87322855
-0.0612244898 0.9183673469 2.877064228
0.0612244898 0.9183673469 2.76850462
0.1836734694 0.9183673469 2.603748798
0.306122449 0.9183673469 2.438834906
0.4285714286 0.9183673469 2.3158741
0.5510204082 0.9183673469 2.254266977
0.6734693878 0.9183673469 2.248962641
0.7959183673 0.9183673469 2.275510311
0.9183673469 0.9183673469 2.299628019
1.040816327 0.9183673469 2.28797555
1.163265306 0.9183673469 2.216959476
1.285714286 0.9183673469 2.077504158
1.408163265 0.9183673469 1.875288367
1.530612245 0.9183673469 1.627312422
1.653061224 0.9183673469 1.356499553
1.775510204 0.9183673469 1.086155295
1.897959184 0.9183673469 0.8356672525
2.020408163 0.9183673469 0.6181206703
2.142857143 0.9183673469 0.4398201108
2.265306122 0.9183673469 0.3012381196
2.387755102 0.9183673469 0.198720172
2.510204082 0.9183673469 0.126333788
2.632653061 0.9183673469 0.07744140923
2.755102041 0.9183673469 0.04579458758
2.87755102 0.9183673469 0.02613579296
3 0.9183673469 0.01440166961

-3 1.040816327 -0.01249191537
-2.87755102 1.040816327 -0.02204445377
-2.755102041 1.040816327 -0.03758027777
-2.632653061 1.040816327 -0.06181584299
-2.510204082 1.040816327 -0.09797911346
-2.387755102 1.040816327 -0.1494078338
-2.265306122 1.040816327 -0.2187651247
-2.142857143 1.040816327 -0.3068184853
-2.020408163 1.040816327 -0.410838902
-1.897959184 1.040816327 -0.5228599906
-1.775510204 1.040816327 -0.6282434464
-1.653061224 1.040816327 -0.7051711082
-1.530612245 1.040816327 -0.7257277966
-1.408163265 1.040816327 -0.6590465903
-1.285714286 1.040816327 -0.4765304923
-1.163265306 1.040816327 -0.1584978402
-1.040816327 1.040816327 0.2991324365
-0.9183673469 1.040816327 0.87996912
-0.7959183673 1.040816327 1.545951962
-0.6734693878 1.040816327 2.241010189
-0.5510204082 1.040816327 2.899521828
-0.4285714286 1.040816327 3.458024502
-0.306122449 1.040816327 3.867393255
-0.1836734694 1.040816327 4.102239609
-0.0612244898 1.040816327 4.164866924
0.0612244898 1.040816327 4.082617283
0.1836734694 1.040816327 3.899421692
0.306122449 1.040816327 3.664108038
0.4285714286 1.040816327 3.418870687
0.5510204082 1.040816327 3.191084146
0.6734693878 1.040816327 2.990302086
0.7959183673 1.040816327 2.810569763
0.9183673469 1.040816327 2.636528015
1.040816327 1.040816327 2.450904846
1.163265306 1.040816327 2.240982533
1.285714286 1.040816327 2.002398729
1.408163265 1.040816327 1.739759803
1.530612245 1.040816327 1.464608073
1.653061224 1.040816327 1.19190824
1.775510204 1.040816327 0.9363642335
1.897959184 1.040816327 0.7095705271
2.020408163 1.040816327 0.5185015798
2.142857143 1.040816327 0.3653279841
2.265306122 1.040816327 0.248223871
2.387755102 1.040816327 0.1626772434
2.510204082 1.040816327 0.1028610617
2.632653061 1.040816327 0.06276924163
2.755102041 1.040816327 0.03697834536
2.87755102 1.040816327 0.02103710361
3 1.040816327 0.01156084705

-3 1.163265306 -0.009262625128
-2.87755102 1.163265306 -0.01626447588
-2.755102041 1.163265306 -0.02756007574
-2.632653061 1.163265306 -0.04499944672
-2.510204082 1.163265306 -0.07067140192
-2.387755102 1.163265306 -0.1065183133
-2.265306122 1.163265306 -0.153636232
-2.142857143 1.163265306 -0.2112230361
-2.020408163 1.163265306 -0.2752322555
-1.897959184 1.163265306 -0.336941123
-1.775510204 1.163265306 -0.3818121552
-1.653061224 1.163265306 -0.389172405
-1.530612245 1.163265306 -0.3332652748
-1.408163265 1.163265306 -0.1860802174
-1.285714286 1.163265306 0.07802196592
-1.163265306 1.163265306 0.4764224291
-1.040816327 1.163265306 1.012247801
-0.9183673469 1.163265306 1.669832706
-0.7959183673 1.163265306 2.413256884
-0.6734693878 1.163265306 3.189049244
-0.5510204082 1.163265306 3.933154106
-0.4285714286 1.163265306 4.581027508
-0.306122449 1.163265306 5.078629494
-0.1836734694 1.163265306 5.391613007
-0.0612244898 1.163265306 5.510332108
0.0612244898 1.163265306 5.449422359
0.1836734694 1.163265306 5.242257595
0.306122449 1.163265306 4.932043552
0.4285714286 1.163265306 4.562158585
0.5510204082 1.163265306 4.168322563
0.6734693878 1.163265306 3.774332762
0.7959183673 1.163265306 3.391804457
0.9183673469 1.163265306 3.023117065
1.040816327 1.163265306 2.665939569
1.163265306 1.163265306 2.317633152
1.285714286 1.163265306 1.978206038
1.408163265 1.163265306 1.651316643
1.530612245 1.163265306 1.343524575
1.653061224 1.163265306 1.062505484
1.775510204 1.163265306 0.8150569797
1.897959184 1.163265306 0.6055761576
2.020408163 1.163265306 0.4353407323
2.142857143 1.163265306 0.3026087284
2.265306122 1.163265306 0.2033073157
2.387755102 1.163265306 0.1319944412
2.510204082 1.163265306 0.08280542493
2.632653061 1.163265306 0.0501964204
2.755102041 1.163265306 0.02940585092
2.87755102 1.163265306 0.01664932817
3 1.163265306 0.009112261236

-3 1.285714286 -0.006544783711
-2.87755102 1.285714286 -0.01139632426
-2.755102041 1.285714286 -0.01911350526
-2.632653061 1.285714286 -0.0308103729
-2.510204082 1.285714286 -0.04760454968
-2.387755102 1.285714286 -0.07024285197
-2.265306122 1.285714286 -0.09846831858
-2.142857143 1.285714286 -0.1301056743
-2.020408163 1.285714286 -0.1599248648
-1.897959184 1.285714286 -0.1784655452
-1.775510204 1.285714286 -0.1711476296
-1.653061224 1.285714286 -0.1181123406
-1.530612245 1.285714286 0.004738643765
-1.408163265 1.285714286 0.2231597155
-1.285714286 1.285714286 0.560410738
-1.163265306 1.285714286 1.031975985
-1.040816327 1.285714286 1.640118599
-0.9183673469 1.285714286 2.369599342
-0.7959183673 1.285714286 3.185987711
-0.6734693878 1.285714286 4.037570953
-0.5510204082 1.285714286 4.861105919
-0.4285714286 1.285714286 5.59060812
-0.306122449 1.285714286 6.167415619
-0.1836734694 1.285714286 6.549257278
-0.0612244898 1.285714286 6.716209888
0.0612244898 1.285714286 6.672174454
0.1836734694 1.285714286 6.441781044
0.306122449 1.285714286 6.06380415
0.4285714286 1.285714286 5.583021164
0.5510204082 1.285714286 5.042635918
0.6734693878 1.285714286 4.478883743
0.7959183673 1.285714286 3.918576479
0.9183673469 1.285714286 3.37934494
1.040816327 1.285714286 2.871671915
1.163265306 1.285714286 2.401537657
1.285714286 1.285714286 1.972690582
1.408163265 1.285714286 1.587982059
1.530612245 1.285714286 1.249726057
1.653061224 1.285714286 0.9593792558
1.775510204 1.285714286 0.7169864178
1.897959184 1.285714286 0.5207834244
2.020408163 1.285714286 0.3671572804
2.142857143 1.285714286 0.2509870231
2.265306122 1.285714286 0.1662348062
2.387755102 1.285714286 0.1066168025
2.510204082 1.285714286 0.06619066745
2.632653061 1.285714286 0.03976737335
2.755102041 1.285714286 0.02311810292
2.87755102 1.285714286 0.01300296001
3 1.285714286 0.007076014765

-3 1.408163265 -0.004367042799
-2.87755102 1.408163265 -0.007497756742
-2.755102041 1.408163265 -0.01235371456
-2.632653061 1.408163265 -0.01946379989
-2.510204082 1.408163265 -0.02917608619
-2.387755102 1.408163265 -0.04129484668
-2.265306122 1.408163265 -0.05450454354
-2.142857143 1.408163265 -0.06557040662
-2.020408163 1.408163265 -0.06837501377
-1.897959184 1.408163265 -0.05295335129
-1.775510204 1.408163265 -0.004806693643
-1.653061224 1.408163265 0.09512758255
-1.530612245 1.408163265 0.2694526315
-1.408163265 1.408163265 0.5419403911
-1.285714286 1.408163265 0.9337842464
-1.163265306 1.408163265 1.458833575
-1.040816327 1.408163265 2.11862421
-0.9183673469 1.408163265 2.898339272
-0.7959183673 1.408163265 3.764960766
-0.6734693878 1.408163265 4.668546677
-0.5510204082 1.408163265 5.547002316
-0.4285714286 1.408163265 6.333773613
-0.306122449 1.408163265 6.967103958
-0.1836734694 1.408163265 7.39894104
-0.0612244898 1.408163265 7.601557732
0.0612244898 1.408163265 7.570510864
0.1836734694 1.408163265 7.323455811
0.306122449 1.408163265 6.895418167
0.4285714286 1.408163265 6.331916809
0.5510204082 1.408163265 5.681629181
0.6734693878 1.408163265 4.990177155
0.7959183673 1.408163265 4.295969963
0.9183673469 1.408163265 3.628355026
1.040816327 1.408163265 3.007692814
1.163265306 1.408163265 2.446611881
1.285714286 1.408163265 1.95172894
1.408163265 1.408163265 1.525234103
1.530612245 1.408163265 1.1661098
1.653061224 1.408163265 0.870952785
1.775510204 1.408163265 0.634547472
1.897959184 1.408163265 0.4503441155
2.020408163 1.408163265 0.3109528422
2.142857143 1.408163265 0.2086629122
2.265306122 1.408163265 0.1359579712
2.387755102 1.408163265 0.08595172316
2.510204082 1.408163265 0.05269167945
2.632653061 1.408163265 0.03130914271
2.755102041 1.408163265 0.01802580617
2.87755102 1.408163265 0.01005323511
3 1.408163265 0.005430351943

-3 1.530612245 -0.002710434608
-2.87755102 1.530612245 -0.004539719317
-2.755102041 1.530612245 -0.007240137551
-2.632653061 1.530612245 -0.0109108761
-2.510204082 1.530612245 -0.01534328703
-2.387755102 1.530612245 -0.01967480965
-2.265306122 1.530612245 -0.02186757699
-2.142857143 1.530612245 -0.01801038161
-2.020408163 1.530612245 -0.00150220003
-1.897959184 1.530612245 0.03773893416
-1.775510204 1.530612245 0.1138002425
-1.653061224 1.530612245 0.2447109073
-1.530612245 1.530612245 0.4514541924
-1.408163265 1.530612245 0.7558031678
-1.285714286 1.530612245 1.176952004
-1.163265306 1.530612245 1.727233768
-1.040816327 1.530612245 2.407612324
-0.9183673469 1.530612245 3.203918457
-0.7959183673 1.530612245 4.084927559
-0.6734693878 1.530612245 5.003179073
-0.5510204082 1.530612245 5.898916245
-0.4285714286 1.530612245 6.706818581
-0.306122449 1.530612245 7.364469528
-0.1836734694 1.530612245 7.820910454
-0.0612244898 1.530612245 8.043585777
0.0612244898 1.530612245 8.022258759
0.1836734694 1.530612245 7.769215107
0.306122449 1.530612245 7.315983295
0.4285714286 1.530612245 6.707489014
0.5510204082 1.530612245 5.995097637
0.6734693878 1.530612245 5.22996521
0.7959183673 1.530612245 4.457783699
0.9183673469 1.530612245 3.715487242
1.040816327 1.530612245 3.029928446
1.163265306 1.530612245 2.418143034
1.285714286 1.530612245 1.88861084
1.408163265 1.530612245 1.442994714
1.530612245 1.530612245 1.077934623
1.653061224 1.530612245 0.7866595984
1.775510204 1.530612245 0.5603474379
1.897959184 1.530612245 0.3892155588
2.020408163 1.530612245 0.2633734643
2.142857143 1.530612245 0.1734641045
2.265306122 1.530612245 0.1111072823
2.387755102 1.530612245 0.06915939599
2.510204082 1.530612245 0.04180786759
2.632653061 1.530612245 0.02453169972
2.755102041 1.530612245 0.01396578457
2.87755102 1.530612245 0.007711049169
3 1.530612245 0.004128042143

-3 1.653061224 -0.001520342659
-2.87755102 1.653061224 -0.002426865278
-2.755102041 1.653061224 -0.003612312954
-2.632653061 1.653061224 -0.004891736899
-2.510204082 1.653061224 -0.005702100694
-2.387755102 1.653061224 -0.004781363066
-2.265306122 1.653061224 0.0002960446291
-2.142857143 1.653061224 0.01372260414
-2.020408163 1.653061224 0.04214496911
-1.897959184 1.653061224 0.09530933946
-1.775510204 1.653061224 0.1864587218
-1.653061224 1.653061224 0.3322103918
-1.530612245 1.653061224 0.5516321659
-1.408163265 1.653061224 0.8643004298
-1.285714286 1.653061224 1.287316561
-1.163265306 1.653061224 1.831512928
-1.040816327 1.653061224 2.497433662
-0.9183673469 1.653061224 3.271902323
-0.7959183673 1.653061224 4.126137257
-0.6734693878 1.653061224 5.016228199
-0.5510204082 1.653061224 5.88639164
-0.4285714286 1.653061224 6.674796581
-0.306122449 1.653061224 7.321158886
-0.1836734694 1.653061224 7.774736881
-0.0612244898 1.653061224 8.001180649
0.0612244898 1.653061224 7.986916542
0.1836734694 1.653061224 7.740250111
0.306122449 1.653061224 7.289140701
0.4285714286 1.653061224 6.676291466
0.5510204082 1.653061224 5.952710629
0.6734693878 1.653061224 5.171051025
0.7959183673 1.653061224 4.379856586
0.9183673469 1.653061224 3.619473934
1.040816327 1.653061224 2.919874668
1.163265306 1.653061224 2.300251961
1.285714286 1.653061224 1.76994741
1.408163265 1.653061224 1.33020997
1.530612245 1.653061224 0.9762935042
1.653061224 1.653061224 0.6995142102
1.775510204 1.653061224 0.4890674651
1.897959184 1.653061224 0.3334687352
2.020408163 1.653061224 0.2216095328
2.142857143 1.653061224 0.1434461921
2.265306122 1.653061224 0.09038128704
2.387755102 1.653061224 0.05539748818
2.510204082 1.653061224 0.03301218897
2.632653061 1.653061224 0.01911632158
2.755102041 1.653061224 0.01075169165
2.87755102 1.653061224 0.005871075206
3 1.653061224 0.003111526137

-3 1.775510204 -0.0007201944245
-2.87755102 1.775510204 -0.001021907665
-2.755102041 1.775510204 -0.00123175513
-2.632653061 1.775510204 -0.001005170285
-2.510204082 1.775510204 0.0004008762771
-2.387755102 1.775510204 0.004415332805
-2.265306122 1.775510204 0.01355678868
-2.142857143 1.775510204 0.03194551542
-2.020408163 1.775510204 0.06587377936
-1.897959184 1.775510204 0.1243268177
-1.775510204 1.775510204 0.2192806453
-1.653061224 1.775510204 0.3655519187
-1.530612245 1.775510204 0.5799635649
-1.408163265 1.775510204 0.8796504736
-1.285714286 1.775510204 1.279472947
-1.163265306 1.775510204 1.788740635
-1.040816327 1.775510204 2.407711744
-0.9183673469 1.775510204 3.124554157
-0.7959183673 1.775510204 3.913601875
-0.6734693878 1.775510204 4.73559761
-0.5510204082 1.775510204 5.540339947
-0.4285714286 1.775510204 6.27164793
-0.306122449 1.775510204 6.873989582
-0.1836734694 1.775510204 7.299675941
-0.0612244898 1.775510204 7.515269756
0.0612244898 1.775510204 7.505987167
0.1836734694 1.775510204 7.277279377
0.306122449 1.775510204 6.853367805
0.4285714286 1.775510204 6.27316761
0.5510204082 1.775510204 5.584533215
0.6734693878 1.775510204 4.837983131
0.7959183673 1.775510204 4.080972195
0.9183673469 1.775510204 3.35355854
1.040816327 1.775510204 2.685853243
1.163265306 1.775510204 2.097229719
1.285714286 1.775510204 1.59700942
1.408163265 1.775510204 1.186119914
1.530612245 1.775510204 0.8592556715
1.653061224 1.775510204 0.6070915461
1.775510204 1.775510204 0.4182575941
1.897959184 1.775510204 0.2809139192
2.020408163 1.775510204 0.1838622391
2.142857143 1.775510204 0.1172275245
2.265306122 1.775510204 0.07277747244
2.387755102 1.775510204 0.04397457838
2.510204082 1.775510204 0.02584936097
2.632653061 1.775510204 0.01477586757
2.755102041 1.775510204 0.008209815249
2.87755102 1.775510204 0.004432280082
3 1.775510204 0.002324250061

-3 1.897959184 -0.0002247157099
-2.87755102 1.897959184 -0.0001698755805
-2.755102041 1.897959184 0.0001749219664
-2.632653061 1.897959184 0.001216922537
-2.510204082 1.897959184 0.003743583802
-2.387755102 1.897959184 0.009170230478
-2.265306122 1.897959184 0.0198802352
-2.142857143 1.897959184 0.03964869305
-2.020408163 1.897959184 0.0741057992
-1.897959184 1.897959184 0.1311502457
-1.775510204 1.897959184 0.2211705446
-1.653061224 1.897959184 0.3568893969
-1.530612245 1.897959184 0.5526428223
-1.408163265 1.897959184 0.8229441047
-1.285714286 1.897959184 1.180315018
-1.163265306 1.897959184 1.632529616
-1.040816327 1.897959184 2.179665565
-0.9183673469 1.897959184 2.811513901
-0.7959183673 1.897959184 3.506029129
-0.6734693878 1.897959184 4.229432583
-0.5510204082 1.897959184 4.93832922
-0.4285714286 1.897959184 5.583827972
-0.306122449 1.897959184 6.117144585
-0.1836734694 1.897959184 6.495813847
-0.0612244898 1.897959184 6.689385891
0.0612244898 1.897959184 6.683511257
0.1836734694 1.897959184 6.481663704
0.306122449 1.897959184 6.104201317
0.4285714286 1.897959184 5.585064888
0.5510204082 1.897959184 4.96681881
0.6734693878 1.897959184 4.295049667
0.7959183673 1.897959184 3.613086224
0.9183673469 1.897959184 2.95785737
1.040816327 1.897959184 2.357314348
1.163265306 1.897959184 1.829493284
1.285714286 1.897959184 1.383007884
1.408163265 1.897959184 1.018539667
1.530612245 1.897959184 0.730871141
1.653061224 1.897959184 0.5110114217
1.775510204 1.897959184 0.3481245935
1.897959184 1.897959184 0.2310520858
2.020408163 1.897959184 0.149378255
2.142857143 1.897959184 0.09405336529
2.265306122 1.897959184 0.05765812099
2.387755102 1.897959184 0.03440504894
2.510204082 1.897959184 0.01997674257
2.632653061 1.897959184 0.01128316857
2.755102041 1.897959184 0.006197309587
2.87755102 1.897959184 0.003309066175
3 1.897959184 0.001717148814

-3 2.020408163 4.893884761e-05
-2.87755102 2.020408163 0.0002810377337
-2.755102041 2.020408163 0.0008780041826
-2.632653061 2.020408163 0.002242129995
-2.510204082 2.020408163 0.005112045445
-2.387755102 2.020408163 0.01076752879
-2.265306122 2.020408163 0.02130635828
-2.142857143 2.020408163 0.03998419642
-2.020408163 2.020408163 0.07158126682
-1.897959184 2.020408163 0.1227233261
-1.775510204 2.020408163 0.2020432949
-1.653061224 2.020408163 0.3200380206
-1.530612245 2.020408163 0.4884688258
-1.408163265 2.020408163 0.7191905379
-1.285714286 2.020408163 1.02238965
-1.163265306 2.020408163 1.404351234
-1.040816327 2.020408163 1.865051031
-0.9183673469 2.020408163 2.396035194
-0.7959183673 2.020408163 2.979111433
-0.6734693878 2.020408163 3.586373329
-0.5510204082 2.020408163 4.181846619
-0.4285714286 2.020408163 4.724811077
-0.306122449 2.020408163 5.174361706
-0.1836734694 2.020408163 5.494568348
-0.0612244898 2.020408163 5.659274101
0.0612244898 2.020408163 5.655660629
0.1836734694 2.020408163 5.48587513
0.306122449 2.020408163 5.166451931
0.4285714286 2.020408163 4.7257061
0.5510204082 2.020408163 4.199626923
0.6734693878 2.020408163 3.627139807
0.7959183673 2.020408163 3.045523167
0.9183673469 2.020408163 2.486751795
1.040816327 2.020408163 1.975126743
1.163265306 2.020408163 1.526362658
1.285714286 2.020408163 1.147927284
1.408163265 2.020408163 0.8403164744
1.530612245 2.020408163 0.598829031
1.653061224 2.020408163 0.4154643416
1.775510204 2.020408163 0.2806436121
1.897959184 2.020408163 0.1845721006
2.020408163 2.020408163 0.1181803271
2.142857143 2.020408163 0.07366356254
2.265306122 2.020408163 0.04469223693
2.387755102 2.020408163 0.02638843283
2.510204082 2.020408163 0.01516054571
2.632653061 2.020408163 0.00847314205
2.755102041 2.020408163 0.004605807364
2.87755102 2.020408163 0.002434446476
3 2.020408163 0.001250908128

-3 2.142857143 0.0001733325771
-2.87755102 2.142857143 0.0004644319415
-2.755102041 2.142857143 0.001116611413
-2.632653061 2.142857143 0.002486499725
-2.510204082 2.142857143 0.005210061558
-2.387755102 2.142857143 0.01036507636
-2.265306122 2.142857143 0.0196880959
-2.142857143 2.142857143 0.03583813459
-2.020408163 2.142857143 0.06267796457
-1.897959184 2.142857143 0.1055166796
-1.775510204 2.142857143 0.1712259203
-1.653061224 2.142857143 0.2681171894
-1.530612245 2.142857143 0.4054654837
-1.408163265 2.142857143 0.5925892591
-1.285714286 2.142857143 0.8374715447
-1.163265306 2.142857143 1.145013571
-1.040816327 2.142857143 1.515146375
-0.9183673469 2.142857143 1.94115746
-0.7959183673 2.142857143 2.408638954
-0.6734693878 2.142857143 2.895470381
-0.5510204082 2.142857143 3.373069763
-0.4285714286 2.142857143 3.808971643
-0.306122449 2.142857143 4.170411587
-0.1836734694 2.142857143 4.428425312
-0.0612244898 2.142857143 4.561708927
0.0612244898 2.142857143 4.559549332
0.1836734694 2.142857143 4.423234463
0.306122449 2.142857143 4.165708542
0.4285714286 2.142857143 3.809569836
0.5510204082 2.142857143 3.383818388
0.6734693878 2.142857143 2.920029163
0.7959183673 2.142857143 2.448599577
0.9183673469 2.142857143 1.995711446
1.040816327 2.142857143 1.581320763
1.163265306 2.142857143 1.218347907
1.285714286 2.142857143 0.9129143357
1.408163265 2.142857143 0.6653733253
1.530612245 2.142857143 0.4717754722
1.653061224 2.142857143 0.3254508078
1.775510204 2.142857143 0.2184480876
1.897959184 2.142857143 0.1426733136
2.020408163 2.142857143 0.09067226946
2.142857143 2.142857143 0.05607045069
2.265306122 2.142857143 0.03373648599
2.387755102 2.142857143 0.01974871568
2.510204082 2.142857143 0.01124620438
2.632653061 2.142857143 0.00622942904
2.755102041 2.142857143 0.003355854424
2.87755102 2.142857143 0.00175794214
3 2.142857143 0.000895325793

-3 2.265306122 0.0002064867294
-2.87755102 2.265306122 0.0004872971913
-2.755102041 2.265306122 0.001082552248
-2.632653061 2.265306122 0.002284372458
-2.510204082 2.265306122 0.004604342394
-2.387755102 2.265306122 0.008897109888
-2.265306122 2.265306122 0.01652400196
-2.142857143 2.265306122 0.02955029905
-2.020408163 2.265306122 0.05095393583
-1.897959184 2.265306122 0.08480340242
-1.775510204 2.265306122 0.1363393217
-1.653061224 2.265306122 0.2118763626
-1.530612245 2.265306122 0.3184400797
-1.408163265 2.265306122 0.4630721211
-1.285714286 2.265306122 0.6517915726
-1.163265306 2.265306122 0.888279736
-1.040816327 2.265306122 1.172456741
-0.9183673469 2.265306122 1.499212027
-0.7959183673 2.265306122 1.857597828
-0.6734693878 2.265306122 2.230794668
-0.5510204082 2.265306122 2.597032785
-0.4285714286 2.265306122 2.931524515
-0.306122449 2.265306122 3.209168434
-0.1836734694 2.265306122 3.407673359
-0.0612244898 2.265306122 3.510525227
0.0612244898 2.265306122 3.509271145
0.1836734694 2.265306122 3.404661894
0.306122449 2.265306122 3.20644927
0.4285714286 2.265306122 2.931901217
0.5510204082 2.265306122 2.603329897
0.6734693878 2.265306122 2.245142698
0.7959183673 2.265306122 1.880923033
0.9183673469 2.265306122 1.531041384
1.040816327 2.265306122 1.211055875
1.163265306 2.265306122 0.9310481548
1.285714286 2.265306122 0.6957847476
1.408163265 2.265306122 0.5055115819
1.530612245 2.265306122 0.3571022451
1.653061224 2.265306122 0.245303303
1.775510204 2.265306122 0.1638700217
1.897959184 2.265306122 0.1064652503
2.020408163 2.265306122 0.06727389246
2.142857143 2.265306122 0.04134498164
2.265306122 2.265306122 0.02471355349
2.387755102 2.265306122 0.01436725818
2.510204082 2.265306122 0.008123042062
2.632653061 2.265306122 0.004466247745
2.755102041 2.265306122 0.00238786824
2.87755102 2.265306122 0.001241313876
3 2.265306122 0.0006273501785

-3 2.387755102 0.0001908531704
-2.87755102 2.387755102 0.0004277356784
-2.755102041 2.387755102 0.0009154991712
-2.632653061 2.387755102 0.001878543058
-2.510204082 2.387755102 0.003705184907
-2.387755102 2.387755102 0.007037849631
-2.265306122 2.387755102 0.01289173588
-2.142857143 2.387755102 0.02279697359
-2.020408163 2.387755102 0.03894812241
-1.897959184 2.387755102 0.06433043629
-1.775510204 2.387755102 0.1027754992
-1.653061224 2.387755102 0.1588875502
-1.530612245 2.387755102 0.2377778143
-1.408163265 2.387755102 0.3445596695
-1.285714286 2.387755102 0.4835970104
-1.163265306 2.387755102 0.6575511694
-1.040816327 2.387755102 0.8663488626
-0.9183673469 2.387755102 1.106258035
-0.7959183673 2.387755102 1.369295478
-0.6734693878 2.387755102 1.643190861
-0.5510204082 2.387755102 1.912042499
-0.4285714286 2.387755102 2.157710552
-0.306122449 2.387755102 2.361781597
-0.1836734694 2.387755102 2.507848501
-0.0612244898 2.387755102 2.583693981
0.0612244898 2.387755102 2.582986832
0.1836734694 2.387755102 2.506150723
0.306122449 2.387755102 2.360252619
0.4285714286 2.387755102 2.157935619
0.5510204082 2.387755102 1.91561842
0.6734693878 2.387755102 1.651321769
0.7959183673 2.387755102 1.382504106
0.9183673469 2.387755102 1.124276042
1.040816327 2.387755102 0.8881949186
1.163265306 2.387755102 0.681753993
1.285714286 2.387755102 0.5084906816
1.408163265 2.387755102 0.3685726821
1.530612245 2.387755102 0.2596525252
1.653061224 2.387755102 0.177799508
1.775510204 2.387755102 0.1183511391
1.897959184 2.387755102 0.07658546418
2.020408163 2.387755102 0.04818084091
2.142857143 2.387755102 0.02946950495
2.265306122 2.387755102 0.01752470061
2.387755102 2.387755102 0.01013236865
2.510204082 2.387755102 0.00569573231
2.632653061 2.387755102 0.00311283092
2.755102041 2.387755102 0.001653912244
2.87755102 2.387755102 0.0008542783326
3 2.387755102 0.0004289318167

-3 2.510204082 0.0001546743297
-2.87755102 2.510204082 0.000337303034
-2.755102041 2.510204082 0.0007068577106
-2.632653061 2.510204082 0.001426386996
-2.510204082 2.510204082 0.002775731031
-2.387755102 2.510204082 0.005214696284
-2.265306122 2.510204082 0.009465762414
-2.142857143 2.510204082 0.01661278121
-2.020408163 2.510204082 0.0282041952
-1.897959184 2.510204082 0.04633949324
-1.775510204 2.510204082 0.07370666414
-1.653061224 2.510204082 0.1135286018
-1.530612245 2.510204082 0.1693774313
-1.408163265 2.510204082 0.2448218018
-1.285714286 2.510204082 0.3429036438
-1.163265306 2.510204082 0.4654735923
-1.040816327 2.510204082 0.6124729514
-0.9183673469 2.510204082 0.7812860012
-0.7959183673 2.510204082 0.9663243294
-0.6734693878 2.510204082 1.158993006
-0.5510204082 2.510204082 1.348146796
-0.4285714286 2.510204082 1.521052599
-0.306122449 2.510204082 1.664761662
-0.1836734694 2.510204082 1.767708421
-0.0612244898 2.510204082 1.821248293
0.0612244898 2.510204082 1.820860982
0.1836734694 2.510204082 1.766779184
0.306122449 2.510204082 1.663926601
0.4285714286 2.510204082 1.521181583
0.5510204082 2.510204082 1.350115895
0.6734693878 2.510204082 1.163462877
0.7959183673 2.510204082 0.9735813737
0.9183673469 2.510204082 0.7911828756
1.040816327 2.510204082 0.6244706511
1.163265306 2.510204082 0.4787641764
1.285714286 2.510204082 0.3565726876
1.408163265 2.510204082 0.2580066025
1.530612245 2.510204082 0.1813877076
1.653061224 2.510204082 0.1239119172
1.775510204 2.510204082 0.08225801587
1.897959184 2.510204082 0.05306764692
2.020408163 2.510204082 0.03327299282
2.142857143 2.510204082 0.02027597837
2.265306122 2.510204082 0.0120092202
2.387755102 2.510204082 0.006913547404
2.510204082 2.510204082 0.003868507221
2.632653061 2.510204082 0.002103985986
2.755102041 2.510204082 0.001112229424
2.87755102 2.510204082 0.0005714638974
3 2.510204082 0.0002853727492

-3 2.632653061 0.0001147136936
-2.87755102 2.632653061 0.000246059004
-2.755102041 2.632653061 0.0005088449689
-2.632653061 2.632653061 0.001015746966
-2.510204082 2.632653061 0.001959010027
-2.387755102 2.632653061 0.003652965883
-2.265306122 2.632653061 0.006589469966
-2.142857143 2.632653061 0.01150381938
-2.020408163 2.632653061 0.01944345981
-1.897959184 2.632653061 0.0318252407
-1.775510204 2.632653061 0.05045956746
-1.653061224 2.632653061 0.07751380652
-1.530612245 2.632653061 0.1153868288
-1.408163265 2.632653061 0.166473195
-1.285714286 2.632653061 0.2328116745
-1.163265306 2.632653061 0.3156410456
-1.040816327 2.632653061 0.4149175882
-0.9183673469 2.632653061 0.5288803577
-0.7959183673 2.632653061 0.6537712812
-0.6734693878 2.632653061 0.7838094234
-0.5510204082 2.632653061 0.9114915729
-0.4285714286 2.632653061 1.028237462
-0.306122449 2.632653061 1.125310421
-0.1836734694 2.632653061 1.194891691
-0.0612244898 2.632653061 1.23112154
0.0612244898 2.632653061 1.230915666
0.1836734694 2.632653061 1.194397807
0.306122449 2.632653061 1.124867201
0.4285714286 2.632653061 1.028308511
0.5510204082 2.632653061 0.9125430584
0.6734693878 2.632653061 0.7861933112
0.7959183673 2.632653061 0.6576399207
0.9183673469 2.632653061 0.5341551304
1.040816327 2.632653061 0.4213112593
1.163265306 2.632653061 0.3227232099
1.285714286 2.632653061 0.2400951236
1.408163265 2.632653061 0.1734983325
1.530612245 2.632653061 0.1217860132
1.653061224 2.632653061 0.08304599673
1.775510204 2.632653061 0.05501561612
1.897959184 2.632653061 0.03540985659
2.020408163 2.632653061 0.02214398049
2.142857143 2.632653061 0.01345545612
2.265306122 2.632653061 0.007944533601
2.387755102 2.632653061 0.004558046814
2.510204082 2.632653061 0.002541194903
2.632653061 2.632653061 0.001376741566
2.755102041 2.632653061 0.0007248078473
2.87755102 2.632653061 0.000370808295
3 2.632653061 0.0001843431382

-3 2.755102041 7.942763477e-05
-2.87755102 2.755102041 0.0001685367024
-2.755102041 2.755102041 0.0003454377002
-2.632653061 2.755102041 0.0006844567251
-2.510204082 2.755102041 0.001311864005
-2.387755102 2.755102041 0.002433361486
-2.265306122 2.755102041 0.004369841889
-2.142857143 2.755102041 0.007599771023
-2.020408163 2.755102041 0.0128032444
-1.897959184 2.755102041 0.02089856565
-1.775510204 2.755102041 0.03305729479
-1.653061224 2.755102041 0.05068037659
-1.530612245 2.755102041 0.07531701773
-1.408163265 2.755102041 0.1085121557
-1.285714286 2.755102041 0.1515803933
-1.163265306 2.755102041 0.2053194642
-1.040816327 2.755102041 0.2696990967
-0.9183673469 2.755102041 0.343580246
-0.7959183673 2.755102041 0.4245337248
-0.6734693878 2.755102041 0.5088217258
-0.5510204082 2.755102041 0.5915910602
-0.4285714286 2.755102041 0.667286396
-0.306122449 2.755102041 0.7302458286
-0.1836734694 2.755102041 0.7753959298
-0.0612244898 2.755102041 0.7989256978
0.0612244898 2.755102041 0.7988193631
0.1836734694 2.755102041 0.77514112
0.306122449 2.755102041 0.7300174832
0.4285714286 2.755102041 0.6673238277
0.5510204082 2.755102041 0.5921356082
0.6734693878 2.755102041 0.5100551844
0.7959183673 2.755102041 0.4265348613
0.9183673469 2.755102041 0.346308291
1.040816327 2.755102041 0.2730055153
1.163265306 2.755102041 0.208981663
1.285714286 2.755102041 0.1553464979
1.408163265 2.755102041 0.1121446043
1.530612245 2.755102041 0.07862570137
1.653061224 2.755102041 0.05354074761
1.775510204 2.755102041 0.03541292995
1.897959184 2.755102041 0.02275192365
2.020408163 2.755102041 0.01419947762
2.142857143 2.755102041 0.00860880781
2.265306122 2.755102041 0.005070434418
2.387755102 2.755102041 0.002901302185
2.510204082 2.755102041 0.001612861292
2.632653061 2.755102041 0.0008710948168
2.755102041 2.755102041 0.0004570925375
2.87755102 2.755102041 0.0002330331045
3 2.755102041 0.0001154265046

-3 2.87755102 5.190944285e-05
-2.87755102 2.87755102 0.0001093252795
-2.755102041 2.87755102 0.0002226775687
-2.632653061 2.87755102 0.0004388894886
-2.510204082 2.87755102 0.0008374233148
-2.387755102 2.87755102 0.001547373948
-2.265306122 2.87755102 0.002769651124
-2.142857143 2.87755102 0.004803240299
-2.020408163 2.87755102 0.008072414435
-1.897959184 2.87755102 0.01314922515
-1.775510204 2.87755102 0.0207627248
-1.653061224 2.87755102 0.0317838192
-1.530612245 2.87755102 0.04717492312
-1.408163265 2.87755102 0.06789519638
-1.285714286 2.87755102 0.09476034343
-1.163265306 2.87755102 0.1282647252
-1.040816327 2.87755102 0.1683887988
-0.9183673469 2.87755102 0.2144239396
-0.7959183673 2.87755102 0.2648601532
-0.6734693878 2.87755102 0.3173728585
-0.5510204082 2.87755102 0.3689432144
-0.4285714286 2.87755102 0.4161131084
-0.306122449 2.87755102 0.4553564787
-0.1836734694 2.87755102 0.4835087955
-0.0612244898 2.87755102 0.498190254
0.0612244898 2.87755102 0.4981369674
0.1836734694 2.87755102 0.4833810925
0.306122449 2.87755102 0.4552422166
0.4285714286 2.87755102 0.4161322713
0.5510204082 2.87755102 0.3692168295
0.6734693878 2.87755102 0.317992121
0.7959183673 2.87755102 0.2658645809
0.9183673469 2.87755102 0.2157930434
1.040816327 2.87755102 0.1700480282
1.163265306 2.87755102 0.130102396
1.285714286 2.87755102 0.0966501236
1.408163265 2.87755102 0.06971786171
1.530612245 2.87755102 0.04883510247
1.653061224 2.87755102 0.03321903571
1.775510204 2.87755102 0.02194467001
1.897959184 2.87755102 0.01407914236
2.020408163 2.87755102 0.008772967383
2.142857143 2.87755102 0.005309515167
2.265306122 2.87755102 0.003121165559
2.387755102 2.87755102 0.001782157109
2.510204082 2.87755102 0.0009884443134
2.632653061 2.87755102 0.0005325321108
2.755102041 2.87755102 0.0002786984842
2.87755102 2.87755102 0.0001416851592
3 2.87755102 6.997117453e-05

-3 3 3.223535532e-05
-2.87755102 3 6.752640911e-05
-2.755102041 3 0.0001369155507
-2.632653061 3 0.0002688099339
-2.510204082 3 0.00051119813
-2.387755102 3 0.0009418800473
-2.265306122 3 0.001681718393
-2.142857143 3 0.002910300856
-2.020408163 3 0.004882144276
-1.897959184 3 0.007940045558
-1.775510204 3 0.0125204958
-1.653061224 3 0.01914454252
-1.530612245 3 0.02838764153
-1.408163265 3 0.04082303494
-1.285714286 3 0.0569380261
-1.163265306 3 0.07702768594
-1.040816327 3 0.1010798812
-0.9183673469 3 0.1286704987
-0.7959183673 3 0.1588961035
-0.6734693878 3 0.1903657168
-0.5510204082 3 0.2212723643
-0.4285714286 3 0.2495452166
-0.306122449 3 0.2730714679
-0.1836734694 3 0.2899533212
-0.0612244898 3 0.2987618148
0.0612244898 3 0.2987358868
0.1836734694 3 0.2898911834
0.306122449 3 0.2730159461
0.4285714286 3 0.2495546937
0.5510204082 3 0.2214057595
0.6734693878 3 0.1906673908
0.7959183673 3 0.1593853235
0.9183673469 3 0.1293372512
1.040816327 3 0.1018878892
1.163265306 3 0.07792256027
1.285714286 3 0.05785823986
1.408163265 3 0.04171055928
1.530612245 3 0.02919603698
1.653061224 3 0.01984338649
1.775510204 3 0.01309601218
1.897959184 3 0.008392838761
2.020408163 3 0.005223254673
2.142857143 3 0.003156813793
2.265306122 3 0.001852874993
2.387755102 3 0.001056198729
2.510204082 3 0.0005847317516
2.632653061 3 0.0003144052753
2.755102041 3 0.0001641925628
2.87755102 3 8.328264084e-05
3 3 4.102972889e-05