-20 -20 -0.0003513328556
-19.18367347 -20 0.01920651644
-18.36734694 -20 0.03314706683
-17.55102041 -20 0.03741343319
-16.73469388 -20 0.03108056448
-15.91836735 -20 0.01626721025
-15.10204082 -20 -0.002845939947
-14.28571429 -20 -0.02142807655
-13.46938776 -20 -0.0353384465
-12.65306122 -20 -0.04202349856
-11.83673469 -20 -0.04082122818
-11.02040816 -20 -0.03272942454
-10.20408163 -20 -0.01983409934
-9.387755102 -20 -0.004631836433
-8.571428571 -20 0.01055760682
-7.755102041 -20 0.0239775423
-6.93877551 -20 0.03459167108
-6.12244898 -20 0.04205371439
-5.306122449 -20 0.0465571098
-4.489795918 -20 0.04863971099
-3.673469388 -20 0.04899649322
-2.857142857 -20 0.04833343253
-2.040816327 -20 0.04727108404
-1.224489796 -20 0.04629250988
-0.4081632653 -20 0.04572230577
0.4081632653 -20 0.04572230577
1.224489796 -20 0.04629250988
2.040816327 -20 0.04727108404
2.857142857 -20 0.04833343253
3.673469388 -20 0.04899649322
4.489795918 -20 0.04863971099
5.306122449 -20 0.0465571098
6.12244898 -20 0.04205371439
6.93877551 -20 0.03459167108
7.755102041 -20 0.0239775423
8.571428571 -20 0.01055760682
9.387755102 -20 -0.004631836433
10.20408163 -20 -0.01983409934
11.02040816 -20 -0.03272942454
11.83673469 -20 -0.04082122818
12.65306122 -20 -0.04202349856
13.46938776 -20 -0.0353384465
14.28571429 -20 -0.02142807655
15.10204082 -20 -0.002845939947
15.91836735 -20 0.01626721025
16.73469388 -20 0.03108056448
17.55102041 -20 0.03741343319
18.36734694 -20 0.03314706683
19.18367347 -20 0.01920651644
20 -20 -0.0003513328556

-20 -19.18367347 0.01920651644
-19.18367347 -19.18367347 0.03356132284
-18.36734694 -19.18367347 0.0372588262
-17.55102041 -19.18367347 0.02935275994
-16.73469388 -19.18367347 0.01251864899
-15.91836735 -19.18367347 -0.008153946139
-15.10204082 -19.18367347 -0.02694246173
-14.28571429 -19.18367347 -0.0391789712
-13.46938776 -19.18367347 -0.04234560207
-12.65306122 -19.18367347 -0.03636910021
-11.83673469 -19.18367347 -0.02320303023
-11.02040816 -19.18367347 -0.005978483241
-10.20408163 -19.18367347 0.01194004714
-9.387755102 -19.18367347 0.02772231586
-8.571428571 -19.18367347 0.03951681778
-7.755102041 -19.18367347 0.0465571098
-6.93877551 -19.18367347 0.04900946096
-6.12244898 -19.18367347 0.047679279
-5.306122449 -19.18367347 0.04369047657
-4.489795918 -19.18367347 0.03821615875
-3.673469388 -19.18367347 0.03229865059
-2.857142857 -19.18367347 0.02676071413
-2.040816327 -19.18367347 0.02218952961
-1.224489796 -19.18367347 0.01896493509
-0.4081632653 -19.18367347 0.01730423793
0.4081632653 -19.18367347 0.01730423793
1.224489796 -19.18367347 0.01896493509
2.040816327 -19.18367347 0.02218952961
2.857142857 -19.18367347 0.02676071413
3.673469388 -19.18367347 0.03229865059
4.489795918 -19.18367347 0.03821615875
5.306122449 -19.18367347 0.04369047657
6.12244898 -19.18367347 0.047679279
6.93877551 -19.18367347 0.04900946096
7.755102041 -19.18367347 0.0465571098
8.571428571 -19.18367347 0.03951681778
9.387755102 -19.18367347 0.02772231586
10.20408163 -19.18367347 0.01194004714
11.02040816 -19.18367347 -0.005978483241
11.83673469 -19.18367347 -0.02320303023
12.65306122 -19.18367347 -0.03636910021
13.46938776 -19.18367347 -0.04234560207
14.28571429 -19.18367347 -0.0391789712
15.10204082 -19.18367347 -0.02694246173
15.91836735 -19.18367347 -0.008153946139
16.73469388 -19.18367347 0.01251864899
17.55102041 -19.18367347 0.02935275994
18.36734694 -19.18367347 0.0372588262
19.18367347 -19.18367347 0.03356132284
20 -19.18367347 0.01920651644

-20 -18.36734694 0.03314706683
-19.18367347 -18.36734694 0.0372588262
-18.36734694 -18.36734694 0.02873431705
-17.55102041 -18.36734694 0.01057284418
-16.73469388 -18.36734694 -0.01131584961
-15.91836735 -18.36734694 -0.03028601035
-15.10204082 -18.36734694 -0.04106933996
-14.28571429 -18.36734694 -0.04114356264
-13.46938776 -18.36734694 -0.03105370328
-12.65306122 -18.36734694 -0.01379053574
-11.83673469 -18.36734694 0.006391208153
-11.02040816 -18.36734694 0.0252451282
-10.20408163 -18.36734694 0.03951676562
-9.387755102 -18.36734694 0.04744387046
-8.571428571 -18.36734694 0.04877197742
-7.755102041 -18.36734694 0.04442104697
-6.93877551 -18.36734694 0.03599055484
-6.12244898 -18.36734694 0.0252744481
-5.306122449 -18.36734694 0.01389482245
-4.489795918 -18.36734694 0.003096589819
-3.673469388 -18.36734694 -0.006309647113
-2.857142857 -18.36734694 -0.01389859803
-2.040816327 -18.36734694 -0.01952599734
-1.224489796 -18.36734694 -0.0232092645
-0.4081632653 -18.36734694 -0.02502275817
0.4081632653 -18.36734694 -0.02502275817
1.224489796 -18.36734694 -0.0232092645
2.040816327 -18.36734694 -0.01952599734
2.857142857 -18.36734694 -0.01389859803
3.673469388 -18.36734694 -0.006309647113
4.489795918 -18.36734694 0.003096589819
5.306122449 -18.36734694 0.01389482245
6.12244898 -18.36734694 0.0252744481
6.93877551 -18.36734694 0.03599055484
7.755102041 -18.36734694 0.04442104697
8.571428571 -18.36734694 0.04877197742
9.387755102 -18.36734694 0.04744387046
10.20408163 -18.36734694 0.03951676562
11.02040816 -18.36734694 0.0252451282
11.83673469 -18.36734694 0.006391208153
12.65306122 -18.36734694 -0.01379053574
13.46938776 -18.36734694 -0.03105370328
14.28571429 -18.36734694 -0.04114356264
15.10204082 -18.36734694 -0.04106933996
15.91836735 -18.36734694 -0.03028601035
16.73469388 -18.36734694 -0.01131584961
17.55102041 -18.36734694 0.01057284418
18.36734694 -18.36734694 0.02873431705
19.18367347 -18.36734694 0.0372588262
20 -18.36734694 0.03314706683

-20 -17.55102041 0.03741343319
-19.18367347 -17.55102041 0.02935275994
-18.36734694 -17.55102041 0.01057284418
-17.55102041 -17.55102041 -0.01236138958
-16.73469388 -17.55102041 -0.03184036538
-15.91836735 -17.55102041 -0.0418331176
-15.10204082 -17.55102041 -0.03964565694
-14.28571429 -17.55102041 -0.02635114826
-13.46938776 -17.55102041 -0.005978483241
-12.65306122 -17.55102041 0.01604962721
-11.83673469 -17.55102041 0.03459167108
-11.02040816 -17.55102041 0.04604433849
-10.20408163 -17.55102041 0.04891085625
-9.387755102 -17.55102041 0.04369047657
-8.571428571 -17.55102041 0.03229865059
-7.755102041 -17.55102041 0.01730423793
-6.93877551 -17.55102041 0.001234779949
-6.12244898 -17.55102041 -0.01389869861
-5.306122449 -17.55102041 -0.02681395784
-4.489795918 -17.55102041 -0.03694869578
-3.673469388 -17.55102041 -0.04430929199
-2.857142857 -17.55102041 -0.04926297441
-2.040816327 -17.55102041 -0.05233455822
-1.224489796 -17.55102041 -0.0540432632
-0.4081632653 -17.55102041 -0.05478990078
0.4081632653 -17.55102041 -0.05478990078
1.224489796 -17.55102041 -0.0540432632
2.040816327 -17.55102041 -0.05233455822
2.857142857 -17.55102041 -0.04926297441
3.673469388 -17.55102041 -0.04430929199
4.489795918 -17.55102041 -0.03694869578
5.306122449 -17.55102041 -0.02681395784
6.12244898 -17.55102041 -0.01389869861
6.93877551 -17.55102041 0.001234779949
7.755102041 -17.55102041 0.01730423793
8.571428571 -17.55102041 0.03229865059
9.387755102 -17.55102041 0.04369047657
10.20408163 -17.55102041 0.04891085625
11.02040816 -17.55102041 0.04604433849
11.83673469 -17.55102041 0.03459167108
12.65306122 -17.55102041 0.01604962721
13.46938776 -17.55102041 -0.005978483241
14.28571429 -17.55102041 -0.02635114826
15.10204082 -17.55102041 -0.03964565694
15.91836735 -17.55102041 -0.0418331176
16.73469388 -17.55102041 -0.03184036538
17.55102041 -17.55102041 -0.01236138958
18.36734694 -17.55102041 0.01057284418
19.18367347 -17.55102041 0.02935275994
20 -17.55102041 0.03741343319

-20 -16.73469388 0.03108056448
-19.18367347 -16.73469388 0.01251864899
-18.36734694 -16.73469388 -0.01131584961
-17.55102041 -16.73469388 -0.03184036538
-16.73469388 -16.73469388 -0.04202350974
-15.91836735 -16.73469388 -0.03868927807
-15.10204082 -16.73469388 -0.02320303023
-14.28571429 -16.73469388 -0.0005381936789
-13.46938776 -16.73469388 0.02269224077
-12.65306122 -16.73469388 0.0403996706
-11.83673469 -16.73469388 0.04863971099
-11.02040816 -16.73469388 0.04629250988
-10.20408163 -16.73469388 0.03480607271
-9.387755102 -16.73469388 0.01730423793
-8.571428571 -16.73469388 -0.002522453666
-7.755102041 -16.73469388 -0.02137627453
-6.93877551 -16.73469388 -0.03694869578
-6.12244898 -16.73469388 -0.04811201617
-5.306122449 -16.73469388 -0.05478990078
-4.489795918 -16.73469388 -0.05764919892
-3.673469388 -16.73469388 -0.05774865299
-2.857142857 -16.73469388 -0.05623944849
-2.040816327 -16.73469388 -0.05415928736
-1.224489796 -16.73469388 -0.05232029781
-0.4081632653 -16.73469388 -0.05126602203
0.4081632653 -16.73469388 -0.05126602203
1.224489796 -16.73469388 -0.05232029781
2.040816327 -16.73469388 -0.05415928736
2.857142857 -16.73469388 -0.05623944849
3.673469388 -16.73469388 -0.05774865299
4.489795918 -16.73469388 -0.05764919892
5.306122449 -16.73469388 -0.05478990078
6.12244898 -16.73469388 -0.04811201617
6.93877551 -16.73469388 -0.03694869578
7.755102041 -16.73469388 -0.02137627453
8.571428571 -16.73469388 -0.002522453666
9.387755102 -16.73469388 0.01730423793
10.20408163 -16.73469388 0.03480607271
11.02040816 -16.73469388 0.04629250988
11.83673469 -16.73469388 0.04863971099
12.65306122 -16.73469388 0.0403996706
13.46938776 -16.73469388 0.02269224077
14.28571429 -16.73469388 -0.0005381936789
15.10204082 -16.73469388 -0.02320303023
15.91836735 -16.73469388 -0.03868927807
16.73469388 -16.73469388 -0.04202350974
17.55102041 -16.73469388 -0.03184036538
18.36734694 -16.73469388 -0.01131584961
19.18367347 -16.73469388 0.01251864899
20 -16.73469388 0.03108056448

-20 -15.91836735 0.01626721025
-19.18367347 -15.91836735 -0.008153946139
-18.36734694 -15.91836735 -0.03028601035
-17.55102041 -15.91836735 -0.0418331176
-16.73469388 -15.91836735 -0.03868927807
-15.91836735 -15.91836735 -0.02210349776
-15.10204082 -15.91836735 0.002223740797
-14.28571429 -15.91836735 0.026493866
-13.46938776 -15.91836735 0.04355142266
-12.65306122 -15.91836735 0.04899649322
-11.83673469 -15.91836735 0.04207144678
-11.02040816 -15.91836735 0.0252744481
-10.20408163 -15.91836735 0.003096489469
-9.387755102 -15.91836735 -0.01952599734
-8.571428571 -15.91836735 -0.03851159662
-7.755102041 -15.91836735 -0.05137638003
-6.93877551 -15.91836735 -0.05737360567
-6.12244898 -15.91836735 -0.05717374012
-5.306122449 -15.91836735 -0.05232029781
-4.489795918 -15.91836735 -0.04467624426
-3.673469388 -15.91836735 -0.03600160778
-2.857142857 -15.91836735 -0.02771499008
-2.040816327 -15.91836735 -0.02082046866
-1.224489796 -15.91836735 -0.01594679058
-0.4081632653 -15.91836735 -0.01343720872
0.4081632653 -15.91836735 -0.01343720872
1.224489796 -15.91836735 -0.01594679058
2.040816327 -15.91836735 -0.02082046866
2.857142857 -15.91836735 -0.02771499008
3.673469388 -15.91836735 -0.03600160778
4.489795918 -15.91836735 -0.04467624426
5.306122449 -15.91836735 -0.05232029781
6.12244898 -15.91836735 -0.05717374012
6.93877551 -15.91836735 -0.05737360567
7.755102041 -15.91836735 -0.05137638003
8.571428571 -15.91836735 -0.03851159662
9.387755102 -15.91836735 -0.01952599734
10.20408163 -15.91836735 0.003096489469
11.02040816 -15.91836735 0.0252744481
11.83673469 -15.91836735 0.04207144678
12.65306122 -15.91836735 0.04899649322
13.46938776 -15.91836735 0.04355142266
14.28571429 -15.91836735 0.026493866
15.10204082 -15.91836735 0.002223740797
15.91836735 -15.91836735 -0.02210349776
16.73469388 -15.91836735 -0.03868927807
17.55102041 -15.91836735 -0.0418331176
18.36734694 -15.91836735 -0.03028601035
19.18367347 -15.91836735 -0.008153946139
20 -15.91836735 0.01626721025

-20 -15.10204082 -0.002845939947
-19.18367347 -15.10204082 -0.02694246173
-18.36734694 -15.10204082 -0.04106933996
-17.55102041 -15.10204082 -0.03964565694
-16.73469388 -15.10204082 -0.02320303023
-15.91836735 -15.10204082 0.002223740797
-15.10204082 -15.10204082 0.02772231586
-14.28571429 -15.10204082 0.04488430545
-13.46938776 -15.10204082 0.04857958481
-12.65306122 -15.10204082 0.03821615875
-11.83673469 -15.10204082 0.01730423793
-11.02040816 -15.10204082 -0.008208657615
-10.20408163 -15.10204082 -0.03202808276
-9.387755102 -15.10204082 -0.04926291853
-8.571428571 -15.10204082 -0.05737360567
-7.755102041 -15.10204082 -0.05623947829
-6.93877551 -15.10204082 -0.04757209122
-6.12244898 -15.10204082 -0.03403543308
-5.306122449 -15.10204082 -0.01840912737
-4.489795918 -15.10204082 -0.003004250582
-3.673469388 -15.10204082 0.01060410589
-2.857142857 -15.10204082 0.02157631889
-2.040816327 -15.10204082 0.02963946201
-1.224489796 -15.10204082 0.03485439718
-0.4081632653 -15.10204082 0.03739706799
0.4081632653 -15.10204082 0.03739706799
1.224489796 -15.10204082 0.03485439718
2.040816327 -15.10204082 0.02963946201
2.857142857 -15.10204082 0.02157631889
3.673469388 -15.10204082 0.01060410589
4.489795918 -15.10204082 -0.003004250582
5.306122449 -15.10204082 -0.01840912737
6.12244898 -15.10204082 -0.03403543308
6.93877551 -15.10204082 -0.04757209122
7.755102041 -15.10204082 -0.05623947829
8.571428571 -15.10204082 -0.05737360567
9.387755102 -15.10204082 -0.04926291853
10.20408163 -15.10204082 -0.03202808276
11.02040816 -15.10204082 -0.008208657615
11.83673469 -15.10204082 0.01730423793
12.65306122 -15.10204082 0.03821615875
13.46938776 -15.10204082 0.04857958481
14.28571429 -15.10204082 0.04488430545
15.10204082 -15.10204082 0.02772231586
15.91836735 -15.10204082 0.002223740797
16.73469388 -15.10204082 -0.02320303023
17.55102041 -15.10204082 -0.03964565694
18.36734694 -15.10204082 -0.04106933996
19.18367347 -15.10204082 -0.02694246173
20 -15.10204082 -0.002845939947

-20 -14.28571429 -0.02142807655
-19.18367347 -14.28571429 -0.0391789712
-18.36734694 -14.28571429 -0.04114356264
-17.55102041 -14.28571429 -0.02635114826
-16.73469388 -14.28571429 -0.0005381936789
-15.91836735 -14.28571429 0.026493866
-15.10204082 -14.28571429 0.04488430545
-14.28571429 -14.28571429 0.04833343253
-13.46938776 -14.28571429 0.03599055484
-12.65306122 -14.28571429 0.01214956306
-11.83673469 -14.28571429 -0.01578469761
-11.02040816 -14.28571429 -0.04003158212
-10.20408163 -14.28571429 -0.05478986725
-9.387755102 -14.28571429 -0.05750586092
-8.571428571 -14.28571429 -0.04889108986
-7.755102041 -14.28571429 -0.03199717402
-6.93877551 -14.28571429 -0.01088415924
-6.12244898 -14.28571429 0.01060416829
-5.306122449 -14.28571429 0.02963946201
-4.489795918 -14.28571429 0.04469829798
-3.673469388 -14.28571429 0.0554394871
-2.857142857 -14.28571429 0.06235013902
-2.040816327 -14.28571429 0.06633146852
-1.224489796 -14.28571429 0.06834111363
-0.4081632653 -14.28571429 0.06913930923
0.4081632653 -14.28571429 0.06913930923
1.224489796 -14.28571429 0.06834111363
2.040816327 -14.28571429 0.06633146852
2.857142857 -14.28571429 0.06235013902
3.673469388 -14.28571429 0.0554394871
4.489795918 -14.28571429 0.04469829798
5.306122449 -14.28571429 0.02963946201
6.12244898 -14.28571429 0.01060416829
6.93877551 -14.28571429 -0.01088415924
7.755102041 -14.28571429 -0.03199717402
8.571428571 -14.28571429 -0.04889108986
9.387755102 -14.28571429 -0.05750586092
10.20408163 -14.28571429 -0.05478986725
11.02040816 -14.28571429 -0.04003158212
11.83673469 -14.28571429 -0.01578469761
12.65306122 -14.28571429 0.01214956306
13.46938776 -14.28571429 0.03599055484
14.28571429 -14.28571429 0.04833343253
15.10204082 -14.28571429 0.04488430545
15.91836735 -14.28571429 0.026493866
16.73469388 -14.28571429 -0.0005381936789
17.55102041 -14.28571429 -0.02635114826
18.36734694 -14.28571429 -0.04114356264
19.18367347 -14.28571429 -0.0391789712
20 -14.28571429 -0.02142807655

-20 -13.46938776 -0.0353384465
-19.18367347 -13.46938776 -0.04234560207
-18.36734694 -13.46938776 -0.03105370328
-17.55102041 -13.46938776 -0.005978483241
-16.73469388 -13.46938776 0.02269224077
-15.91836735 -13.46938776 0.04355142266
-15.10204082 -13.46938776 0.04857958481
-14.28571429 -13.46938776 0.03599055484
-13.46938776 -13.46938776 0.01037998777
-12.65306122 -13.46938776 -0.01952609606
-11.83673469 -13.46938776 -0.04430922121
-11.02040816 -13.46938776 -0.05701563135
-10.20408163 -13.46938776 -0.05494332686
-9.387755102 -13.46938776 -0.03970889002
-8.571428571 -13.46938776 -0.01594679058
-7.755102041 -13.46938776 0.01060416829
-6.93877551 -13.46938776 0.03485444933
-6.12244898 -13.46938776 0.05346009508
-5.306122449 -13.46938776 0.06512868404
-4.489795918 -13.46938776 0.07030235231
-3.673469388 -13.46938776 0.07052198797
-2.857142857 -13.46938776 0.06776186824
-2.040816327 -13.46938776 0.06391786039
-1.224489796 -13.46938776 0.06050792709
-0.4081632653 -13.46938776 0.05855132639
0.4081632653 -13.46938776 0.05855132639
1.224489796 -13.46938776 0.06050792709
2.040816327 -13.46938776 0.06391786039
2.857142857 -13.46938776 0.06776186824
3.673469388 -13.46938776 0.07052198797
4.489795918 -13.46938776 0.07030235231
5.306122449 -13.46938776 0.06512868404
6.12244898 -13.46938776 0.05346009508
6.93877551 -13.46938776 0.03485444933
7.755102041 -13.46938776 0.01060416829
8.571428571 -13.46938776 -0.01594679058
9.387755102 -13.46938776 -0.03970889002
10.20408163 -13.46938776 -0.05494332686
11.02040816 -13.46938776 -0.05701563135
11.83673469 -13.46938776 -0.04430922121
12.65306122 -13.46938776 -0.01952609606
13.46938776 -13.46938776 0.01037998777
14.28571429 -13.46938776 0.03599055484
15.10204082 -13.46938776 0.04857958481
15.91836735 -13.46938776 0.04355142266
16.73469388 -13.46938776 0.02269224077
17.55102041 -13.46938776 -0.005978483241
18.36734694 -13.46938776 -0.03105370328
19.18367347 -13.46938776 -0.04234560207
20 -13.46938776 -0.0353384465

-20 -12.65306122 -0.04202349856
-19.18367347 -12.65306122 -0.03636910021
-18.36734694 -12.65306122 -0.01379053574
-17.55102041 -12.65306122 0.01604962721
-16.73469388 -12.65306122 0.0403996706
-15.91836735 -12.65306122 0.04899649322
-15.10204082 -12.65306122 0.03821615875
-14.28571429 -12.65306122 0.01214956306
-13.46938776 -12.65306122 -0.01952609606
-12.65306122 -12.65306122 -0.04563279822
-11.83673469 -12.65306122 -0.05764918402
-11.02040816 -12.65306122 -0.05232029781
-10.20408163 -12.65306122 -0.03199717402
-9.387755102 -12.65306122 -0.003004190279
-8.571428571 -12.65306122 0.02697838098
-7.755102041 -12.65306122 0.05139077827
-6.93877551 -12.65306122 0.06633149087
-6.12244898 -12.65306122 0.07091010362
-5.306122449 -12.65306122 0.06665042043
-4.489795918 -12.65306122 0.05642909184
-3.673469388 -12.65306122 0.04342675209
-2.857142857 -12.65306122 0.03039387427
-2.040816327 -12.65306122 0.01931973919
-1.224489796 -12.65306122 0.01142887771
-0.4081632653 -12.65306122 0.007356956135
0.4081632653 -12.65306122 0.007356956135
1.224489796 -12.65306122 0.01142887771
2.040816327 -12.65306122 0.01931973919
2.857142857 -12.65306122 0.03039387427
3.673469388 -12.65306122 0.04342675209
4.489795918 -12.65306122 0.05642909184
5.306122449 -12.65306122 0.06665042043
6.12244898 -12.65306122 0.07091010362
6.93877551 -12.65306122 0.06633149087
7.755102041 -12.65306122 0.05139077827
8.571428571 -12.65306122 0.02697838098
9.387755102 -12.65306122 -0.003004190279
10.20408163 -12.65306122 -0.03199717402
11.02040816 -12.65306122 -0.05232029781
11.83673469 -12.65306122 -0.05764918402
12.65306122 -12.65306122 -0.04563279822
13.46938776 -12.65306122 -0.01952609606
14.28571429 -12.65306122 0.01214956306
15.10204082 -12.65306122 0.03821615875
15.91836735 -12.65306122 0.04899649322
16.73469388 -12.65306122 0.0403996706
17.55102041 -12.65306122 0.01604962721
18.36734694 -12.65306122 -0.01379053574
19.18367347 -12.65306122 -0.03636910021
20 -12.65306122 -0.04202349856

-20 -11.83673469 -0.04082122818
-19.18367347 -11.83673469 -0.02320303023
-18.36734694 -11.83673469 0.006391208153
-17.55102041 -11.83673469 0.03459167108
-16.73469388 -11.83673469 0.04863971099
-15.91836735 -11.83673469 0.04207144678
-15.10204082 -11.83673469 0.01730423793
-14.28571429 -11.83673469 -0.01578469761
-13.46938776 -11.83673469 -0.04430922121
-12.65306122 -11.83673469 -0.05764918402
-11.83673469 -11.83673469 -0.05126607418
-11.02040816 -11.83673469 -0.02771509439
-10.20408163 -11.83673469 0.005117007531
-9.387755102 -11.83673469 0.03739706799
-8.571428571 -11.83673469 0.06078407913
-7.755102041 -11.83673469 0.07065980881
-6.93877551 -11.83673469 0.06665042043
-6.12244898 -11.83673469 0.05169709772
-5.306122449 -11.83673469 0.03039393947
-4.489795918 -11.83673469 0.007357030176
-3.673469388 -11.83673469 -0.01386671886
-2.857142857 -11.83673469 -0.03119912185
-2.040816327 -11.83673469 -0.04386973381
-1.224489796 -11.83673469 -0.05195117369
-0.4081632653 -11.83673469 -0.05583843216
0.4081632653 -11.83673469 -0.05583843216
1.224489796 -11.83673469 -0.05195117369
2.040816327 -11.83673469 -0.04386973381
2.857142857 -11.83673469 -0.03119912185
3.673469388 -11.83673469 -0.01386671886
4.489795918 -11.83673469 0.007357030176
5.306122449 -11.83673469 0.03039393947
6.12244898 -11.83673469 0.05169709772
6.93877551 -11.83673469 0.06665042043
7.755102041 -11.83673469 0.07065980881
8.571428571 -11.83673469 0.06078407913
9.387755102 -11.83673469 0.03739706799
10.20408163 -11.83673469 0.005117007531
11.02040816 -11.83673469 -0.02771509439
11.83673469 -11.83673469 -0.05126607418
12.65306122 -11.83673469 -0.05764918402
13.46938776 -11.83673469 -0.04430922121
14.28571429 -11.83673469 -0.01578469761
15.10204082 -11.83673469 0.01730423793
15.91836735 -11.83673469 0.04207144678
16.73469388 -11.83673469 0.04863971099
17.55102041 -11.83673469 0.03459167108
18.36734694 -11.83673469 0.006391208153
19.18367347 -11.83673469 -0.02320303023
20 -11.83673469 -0.04082122818

-20 -11.02040816 -0.03272942454
-19.18367347 -11.02040816 -0.005978483241
-18.36734694 -11.02040816 0.0252451282
-17.55102041 -11.02040816 0.04604433849
-16.73469388 -11.02040816 0.04629250988
-15.91836735 -11.02040816 0.0252744481
-15.10204082 -11.02040816 -0.008208657615
-14.28571429 -11.02040816 -0.04003158212
-13.46938776 -11.02040816 -0.05701563135
-12.65306122 -11.02040816 -0.05232029781
-11.83673469 -11.02040816 -0.02771509439
-11.02040816 -11.02040816 0.007856388576
-10.20408163 -11.02040816 0.04232467711
-9.387755102 -11.02040816 0.06512866169
-8.571428571 -11.02040816 0.07052198797
-7.755102041 -11.02040816 0.05855136365
-6.93877551 -11.02040816 0.03385102749
-6.12244898 -11.02040816 0.003213542281
-5.306122449 -11.02040816 -0.0268859677
-4.489795918 -11.02040816 -0.05195117369
-3.673469388 -11.02040816 -0.07001423836
-2.857142857 -11.02040816 -0.0812683031
-2.040816327 -11.02040816 -0.08722231537
-1.224489796 -11.02040816 -0.08979891241
-0.4081632653 -11.02040816 -0.0906310007
0.4081632653 -11.02040816 -0.0906310007
1.224489796 -11.02040816 -0.08979891241
2.040816327 -11.02040816 -0.08722231537
2.857142857 -11.02040816 -0.0812683031
3.673469388 -11.02040816 -0.07001423836
4.489795918 -11.02040816 -0.05195117369
5.306122449 -11.02040816 -0.0268859677
6.12244898 -11.02040816 0.003213542281
6.93877551 -11.02040816 0.03385102749
7.755102041 -11.02040816 0.05855136365
8.571428571 -11.02040816 0.07052198797
9.387755102 -11.02040816 0.06512866169
10.20408163 -11.02040816 0.04232467711
11.02040816 -11.02040816 0.007856388576
11.83673469 -11.02040816 -0.02771509439
12.65306122 -11.02040816 -0.05232029781
13.46938776 -11.02040816 -0.05701563135
14.28571429 -11.02040816 -0.04003158212
15.10204082 -11.02040816 -0.008208657615
15.91836735 -11.02040816 0.0252744481
16.73469388 -11.02040816 0.04629250988
17.55102041 -11.02040816 0.04604433849
18.36734694 -11.02040816 0.0252451282
19.18367347 -11.02040816 -0.005978483241
20 -11.02040816 -0.03272942454

-20 -10.20408163 -0.01983409934
-19.18367347 -10.20408163 0.01194004714
-18.36734694 -10.20408163 0.03951676562
-17.55102041 -10.20408163 0.04891085625
-16.73469388 -10.20408163 0.03480607271
-15.91836735 -10.20408163 0.003096489469
-15.10204082 -10.20408163 -0.03202808276
-14.28571429 -10.20408163 -0.05478986725
-13.46938776 -10.20408163 -0.05494332686
-12.65306122 -10.20408163 -0.03199717402
-11.83673469 -10.20408163 0.005117007531
-11.02040816 -10.20408163 0.04232467711
-10.20408163 -10.20408163 0.06633146852
-9.387755102 -10.20408163 0.06947698444
-8.571428571 -10.20408163 0.05169709772
-7.755102041 -10.20408163 0.01931973919
-6.93877551 -10.20408163 -0.0182067398
-6.12244898 -10.20408163 -0.05195117369
-5.306122449 -10.20408163 -0.07606656849
-4.489795918 -10.20408163 -0.08865861595
-3.673469388 -10.20408163 -0.09116596729
-2.857142857 -10.20408163 -0.08695621789
-2.040816327 -10.20408163 -0.07988224924
-1.224489796 -10.20408163 -0.07326202095
-0.4081632653 -10.20408163 -0.06938393414
0.4081632653 -10.20408163 -0.06938393414
1.224489796 -10.20408163 -0.07326202095
2.040816327 -10.20408163 -0.07988224924
2.857142857 -10.20408163 -0.08695621789
3.673469388 -10.20408163 -0.09116596729
4.489795918 -10.20408163 -0.08865861595
5.306122449 -10.20408163 -0.07606656849
6.12244898 -10.20408163 -0.05195117369
6.93877551 -10.20408163 -0.0182067398
7.755102041 -10.20408163 0.01931973919
8.571428571 -10.20408163 0.05169709772
9.387755102 -10.20408163 0.06947698444
10.20408163 -10.20408163 0.06633146852
11.02040816 -10.20408163 0.04232467711
11.83673469 -10.20408163 0.005117007531
12.65306122 -10.20408163 -0.03199717402
13.46938776 -10.20408163 -0.05494332686
14.28571429 -10.20408163 -0.05478986725
15.10204082 -10.20408163 -0.03202808276
15.91836735 -10.20408163 0.003096489469
16.73469388 -10.20408163 0.03480607271
17.55102041 -10.20408163 0.04891085625
18.36734694 -10.20408163 0.03951676562
19.18367347 -10.20408163 0.01194004714
20 -10.20408163 -0.01983409934

-20 -9.387755102 -0.004631836433
-19.18367347 -9.387755102 0.02772231586
-18.36734694 -9.387755102 0.04744387046
-17.55102041 -9.387755102 0.04369047657
-16.73469388 -9.387755102 0.01730423793
-15.91836735 -9.387755102 -0.01952599734
-15.10204082 -9.387755102 -0.04926291853
-14.28571429 -9.387755102 -0.05750586092
-13.46938776 -9.387755102 -0.03970889002
-12.65306122 -9.387755102 -0.003004190279
-11.83673469 -9.387755102 0.03739706799
-11.02040816 -9.387755102 0.06512866169
-10.20408163 -9.387755102 0.06947698444
-9.387755102 -9.387755102 0.04909303039
-8.571428571 -9.387755102 0.01142887771
-7.755102041 -9.387755102 -0.03119912185
-6.93877551 -9.387755102 -0.0667065233
-6.12244898 -9.387755102 -0.08722233772
-5.306122449 -9.387755102 -0.09065720439
-4.489795918 -9.387755102 -0.07988224924
-3.673469388 -9.387755102 -0.06051455438
-2.857142857 -9.387755102 -0.03856757283
-2.040816327 -9.387755102 -0.01886507496
-1.224489796 -9.387755102 -0.004487650003
-0.4081632653 -9.387755102 0.002995722229
0.4081632653 -9.387755102 0.002995722229
1.224489796 -9.387755102 -0.004487650003
2.040816327 -9.387755102 -0.01886507496
2.857142857 -9.387755102 -0.03856757283
3.673469388 -9.387755102 -0.06051455438
4.489795918 -9.387755102 -0.07988224924
5.306122449 -9.387755102 -0.09065720439
6.12244898 -9.387755102 -0.08722233772
6.93877551 -9.387755102 -0.0667065233
7.755102041 -9.387755102 -0.03119912185
8.571428571 -9.387755102 0.01142887771
9.387755102 -9.387755102 0.04909303039
10.20408163 -9.387755102 0.06947698444
11.02040816 -9.387755102 0.06512866169
11.83673469 -9.387755102 0.03739706799
12.65306122 -9.387755102 -0.003004190279
13.46938776 -9.387755102 -0.03970889002
14.28571429 -9.387755102 -0.05750586092
15.10204082 -9.387755102 -0.04926291853
15.91836735 -9.387755102 -0.01952599734
16.73469388 -9.387755102 0.01730423793
17.55102041 -9.387755102 0.04369047657
18.36734694 -9.387755102 0.04744387046
19.18367347 -9.387755102 0.02772231586
20 -9.387755102 -0.004631836433

-20 -8.571428571 0.01055760682
-19.18367347 -8.571428571 0.03951681778
-18.36734694 -8.571428571 0.04877197742
-17.55102041 -8.571428571 0.03229865059
-16.73469388 -8.571428571 -0.002522453666
-15.91836735 -8.571428571 -0.03851159662
-15.10204082 -8.571428571 -0.05737360567
-14.28571429 -8.571428571 -0.04889108986
-13.46938776 -8.571428571 -0.01594679058
-12.65306122 -8.571428571 0.02697838098
-11.83673469 -8.571428571 0.06078407913
-11.02040816 -8.571428571 0.07052198797
-10.20408163 -8.571428571 0.05169709772
-9.387755102 -8.571428571 0.01142887771
-8.571428571 -8.571428571 -0.03547675535
-7.755102041 -8.571428571 -0.07313929498
-6.93877551 -8.571428571 -0.09063100815
-6.12244898 -8.571428571 -0.08497794718
-5.306122449 -8.571428571 -0.0605144836
-4.489795918 -8.571428571 -0.02570461668
-3.673469388 -8.571428571 0.01063521858
-2.857142857 -8.571428571 0.04204832762
-2.040816327 -8.571428571 0.06536486
-1.224489796 -8.571428571 0.08009450138
-0.4081632653 -8.571428571 0.08705905825
0.4081632653 -8.571428571 0.08705905825
1.224489796 -8.571428571 0.08009450138
2.040816327 -8.571428571 0.06536486
2.857142857 -8.571428571 0.04204832762
3.673469388 -8.571428571 0.01063521858
4.489795918 -8.571428571 -0.02570461668
5.306122449 -8.571428571 -0.0605144836
6.12244898 -8.571428571 -0.08497794718
6.93877551 -8.571428571 -0.09063100815
7.755102041 -8.571428571 -0.07313929498
8.571428571 -8.571428571 -0.03547675535
9.387755102 -8.571428571 0.01142887771
10.20408163 -8.571428571 0.05169709772
11.02040816 -8.571428571 0.07052198797
11.83673469 -8.571428571 0.06078407913
12.65306122 -8.571428571 0.02697838098
13.46938776 -8.571428571 -0.01594679058
14.28571429 -8.571428571 -0.04889108986
15.10204082 -8.571428571 -0.05737360567
15.91836735 -8.571428571 -0.03851159662
16.73469388 -8.571428571 -0.002522453666
17.55102041 -8.571428571 0.03229865059
18.36734694 -8.571428571 0.04877197742
19.18367347 -8.571428571 0.03951681778
20 -8.571428571 0.01055760682

-20 -7.755102041 0.0239775423
-19.18367347 -7.755102041 0.0465571098
-18.36734694 -7.755102041 0.04442104697
-17.55102041 -7.755102041 0.01730423793
-16.73469388 -7.755102041 -0.02137627453
-15.91836735 -7.755102041 -0.05137638003
-15.10204082 -7.755102041 -0.05623947829
-14.28571429 -7.755102041 -0.03199717402
-13.46938776 -7.755102041 0.01060416829
-12.65306122 -7.755102041 0.05139077827
-11.83673469 -7.755102041 0.07065980881
-11.02040816 -7.755102041 0.05855136365
-10.20408163 -7.755102041 0.01931973919
-9.387755102 -7.755102041 -0.03119912185
-8.571428571 -7.755102041 -0.07313929498
-7.755102041 -7.755102041 -0.09114329517
-6.93877551 -7.755102041 -0.07988224924
-6.12244898 -7.755102041 -0.04455085099
-5.306122449 -7.755102041 0.002995823976
-4.489795918 -7.755102041 0.04991761595
-3.673469388 -7.755102041 0.08705898374
-2.857142857 -7.755102041 0.1109352335
-2.040816327 -7.755102041 0.1230048835
-1.224489796 -7.755102041 0.127368927
-0.4081632653 -7.755102041 0.1282692105
0.4081632653 -7.755102041 0.1282692105
1.224489796 -7.755102041 0.127368927
2.040816327 -7.755102041 0.1230048835
2.857142857 -7.755102041 0.1109352335
3.673469388 -7.755102041 0.08705898374
4.489795918 -7.755102041 0.04991761595
5.306122449 -7.755102041 0.002995823976
6.12244898 -7.755102041 -0.04455085099
6.93877551 -7.755102041 -0.07988224924
7.755102041 -7.755102041 -0.09114329517
8.571428571 -7.755102041 -0.07313929498
9.387755102 -7.755102041 -0.03119912185
10.20408163 -7.755102041 0.01931973919
11.02040816 -7.755102041 0.05855136365
11.83673469 -7.755102041 0.07065980881
12.65306122 -7.755102041 0.05139077827
13.46938776 -7.755102041 0.01060416829
14.28571429 -7.755102041 -0.03199717402
15.10204082 -7.755102041 -0.05623947829
15.91836735 -7.755102041 -0.05137638003
16.73469388 -7.755102041 -0.02137627453
17.55102041 -7.755102041 0.01730423793
18.36734694 -7.755102041 0.04442104697
19.18367347 -7.755102041 0.0465571098
20 -7.755102041 0.0239775423

-20 -6.93877551 0.03459167108
-19.18367347 -6.93877551 0.04900946096
-18.36734694 -6.93877551 0.03599055484
-17.55102041 -6.93877551 0.001234779949
-16.73469388 -6.93877551 -0.03694869578
-15.91836735 -6.93877551 -0.05737360567
-15.10204082 -6.93877551 -0.04757209122
-14.28571429 -6.93877551 -0.01088415924
-13.46938776 -6.93877551 0.03485444933
-12.65306122 -6.93877551 0.06633149087
-11.83673469 -6.93877551 0.06665042043
-11.02040816 -6.93877551 0.03385102749
-10.20408163 -6.93877551 -0.0182067398
-9.387755102 -6.93877551 -0.0667065233
-8.571428571 -6.93877551 -0.09063100815
-7.755102041 -6.93877551 -0.07988224924
-6.93877551 -6.93877551 -0.03856757283
-6.12244898 -6.93877551 0.01839734055
-5.306122449 -6.93877551 0.07284508646
-4.489795918 -6.93877551 0.1109352335
-3.673469388 -6.93877551 0.127368927
-2.857142857 -6.93877551 0.125183478
-2.040816327 -6.93877551 0.112422727
-1.224489796 -6.93877551 0.09806314856
-0.4081632653 -6.93877551 0.08906796575
0.4081632653 -6.93877551 0.08906796575
1.224489796 -6.93877551 0.09806314856
2.040816327 -6.93877551 0.112422727
2.857142857 -6.93877551 0.125183478
3.673469388 -6.93877551 0.127368927
4.489795918 -6.93877551 0.1109352335
5.306122449 -6.93877551 0.07284508646
6.12244898 -6.93877551 0.01839734055
6.93877551 -6.93877551 -0.03856757283
7.755102041 -6.93877551 -0.07988224924
8.571428571 -6.93877551 -0.09063100815
9.387755102 -6.93877551 -0.0667065233
10.20408163 -6.93877551 -0.0182067398
11.02040816 -6.93877551 0.03385102749
11.83673469 -6.93877551 0.06665042043
12.65306122 -6.93877551 0.06633149087
13.46938776 -6.93877551 0.03485444933
14.28571429 -6.93877551 -0.01088415924
15.10204082 -6.93877551 -0.04757209122
15.91836735 -6.93877551 -0.05737360567
16.73469388 -6.93877551 -0.03694869578
17.55102041 -6.93877551 0.001234779949
18.36734694 -6.93877551 0.03599055484
19.18367347 -6.93877551 0.04900946096
20 -6.93877551 0.03459167108

-20 -6.12244898 0.04205371439
-19.18367347 -6.12244898 0.047679279
-18.36734694 -6.12244898 0.0252744481
-17.55102041 -6.12244898 -0.01389869861
-16.73469388 -6.12244898 -0.04811201617
-15.91836735 -6.12244898 -0.05717374012
-15.10204082 -6.12244898 -0.03403543308
-14.28571429 -6.12244898 0.01060416829
-13.46938776 -6.12244898 0.05346009508
-12.65306122 -6.12244898 0.07091010362
-11.83673469 -6.12244898 0.05169709772
-11.02040816 -6.12244898 0.003213542281
-10.20408163 -6.12244898 -0.05195117369
-9.387755102 -6.12244898 -0.08722233772
-8.571428571 -6.12244898 -0.08497794718
-7.755102041 -6.12244898 -0.04455085099
-6.93877551 -6.12244898 0.01839734055
-6.12244898 -6.12244898 0.08009450138
-5.306122449 -6.12244898 0.1196581498
-4.489795918 -6.12244898 0.1272279918
-3.673469388 -6.12244898 0.1058442891
-2.857142857 -6.12244898 0.06744291633
-2.040816327 -6.12244898 0.02628269047
-1.224489796 -6.12244898 -0.006322836503
-0.4081632653 -6.12244898 -0.02389417961
0.4081632653 -6.12244898 -0.02389417961
1.224489796 -6.12244898 -0.006322836503
2.040816327 -6.12244898 0.02628269047
2.857142857 -6.12244898 0.06744291633
3.673469388 -6.12244898 0.1058442891
4.489795918 -6.12244898 0.1272279918
5.306122449 -6.12244898 0.1196581498
6.12244898 -6.12244898 0.08009450138
6.93877551 -6.12244898 0.01839734055
7.755102041 -6.12244898 -0.04455085099
8.571428571 -6.12244898 -0.08497794718
9.387755102 -6.12244898 -0.08722233772
10.20408163 -6.12244898 -0.05195117369
11.02040816 -6.12244898 0.003213542281
11.83673469 -6.12244898 0.05169709772
12.65306122 -6.12244898 0.07091010362
13.46938776 -6.12244898 0.05346009508
14.28571429 -6.12244898 0.01060416829
15.10204082 -6.12244898 -0.03403543308
15.91836735 -6.12244898 -0.05717374012
16.73469388 -6.12244898 -0.04811201617
17.55102041 -6.12244898 -0.01389869861
18.36734694 -6.12244898 0.0252744481
19.18367347 -6.12244898 0.047679279
20 -6.12244898 0.04205371439

-20 -5.306122449 0.0465571098
-19.18367347 -5.306122449 0.04369047657
-18.36734694 -5.306122449 0.01389482245
-17.55102041 -5.306122449 -0.02681395784
-16.73469388 -5.306122449 -0.05478990078
-15.91836735 -5.306122449 -0.05232029781
-15.10204082 -5.306122449 -0.01840912737
-14.28571429 -5.306122449 0.02963946201
-13.46938776 -5.306122449 0.06512868404
-12.65306122 -5.306122449 0.06665042043
-11.83673469 -5.306122449 0.03039393947
-11.02040816 -5.306122449 -0.0268859677
-10.20408163 -5.306122449 -0.07606656849
-9.387755102 -5.306122449 -0.09065720439
-8.571428571 -5.306122449 -0.0605144836
-7.755102041 -5.306122449 0.002995823976
-6.93877551 -5.306122449 0.07284508646
-6.12244898 -5.306122449 0.1196581498
-5.306122449 -5.306122449 0.125183478
-4.489795918 -5.306122449 0.08906796575
-3.673469388 -5.306122449 0.02628261968
-2.857142857 -5.306122449 -0.04213357717
-2.040816327 -5.306122449 -0.09904868901
-1.224489796 -5.306122449 -0.1364491731
-0.4081632653 -5.306122449 -0.1540807337
0.4081632653 -5.306122449 -0.1540807337
1.224489796 -5.306122449 -0.1364491731
2.040816327 -5.306122449 -0.09904868901
2.857142857 -5.306122449 -0.04213357717
3.673469388 -5.306122449 0.02628261968
4.489795918 -5.306122449 0.08906796575
5.306122449 -5.306122449 0.125183478
6.12244898 -5.306122449 0.1196581498
6.93877551 -5.306122449 0.07284508646
7.755102041 -5.306122449 0.002995823976
8.571428571 -5.306122449 -0.0605144836
9.387755102 -5.306122449 -0.09065720439
10.20408163 -5.306122449 -0.07606656849
11.02040816 -5.306122449 -0.0268859677
11.83673469 -5.306122449 0.03039393947
12.65306122 -5.306122449 0.06665042043
13.46938776 -5.306122449 0.06512868404
14.28571429 -5.306122449 0.02963946201
15.10204082 -5.306122449 -0.01840912737
15.91836735 -5.306122449 -0.05232029781
16.73469388 -5.306122449 -0.05478990078
17.55102041 -5.306122449 -0.02681395784
18.36734694 -5.306122449 0.01389482245
19.18367347 -5.306122449 0.04369047657
20 -5.306122449 0.0465571098

-20 -4.489795918 0.04863971099
-19.18367347 -4.489795918 0.03821615875
-18.36734694 -4.489795918 0.003096589819
-17.55102041 -4.489795918 -0.03694869578
-16.73469388 -4.489795918 -0.05764919892
-15.91836735 -4.489795918 -0.04467624426
-15.10204082 -4.489795918 -0.003004250582
-14.28571429 -4.489795918 0.04469829798
-13.46938776 -4.489795918 0.07030235231
-12.65306122 -4.489795918 0.05642909184
-11.83673469 -4.489795918 0.007357030176
-11.02040816 -4.489795918 -0.05195117369
-10.20408163 -4.489795918 -0.08865861595
-9.387755102 -4.489795918 -0.07988224924
-8.571428571 -4.489795918 -0.02570461668
-7.755102041 -4.489795918 0.04991761595
-6.93877551 -4.489795918 0.1109352335
-6.12244898 -4.489795918 0.1272279918
-5.306122449 -4.489795918 0.08906796575
-4.489795918 -4.489795918 0.0104411263
-3.673469388 -4.489795918 -0.07992237806
-2.857142857 -4.489795918 -0.1540807337
-2.040816327 -4.489795918 -0.1978999227
-1.224489796 -4.489795918 -0.2145102322
-0.4081632653 -4.489795918 -0.2172095627
0.4081632653 -4.489795918 -0.2172095627
1.224489796 -4.489795918 -0.2145102322
2.040816327 -4.489795918 -0.1978999227
2.857142857 -4.489795918 -0.1540807337
3.673469388 -4.489795918 -0.07992237806
4.489795918 -4.489795918 0.0104411263
5.306122449 -4.489795918 0.08906796575
6.12244898 -4.489795918 0.1272279918
6.93877551 -4.489795918 0.1109352335
7.755102041 -4.489795918 0.04991761595
8.571428571 -4.489795918 -0.02570461668
9.387755102 -4.489795918 -0.07988224924
10.20408163 -4.489795918 -0.08865861595
11.02040816 -4.489795918 -0.05195117369
11.83673469 -4.489795918 0.007357030176
12.65306122 -4.489795918 0.05642909184
13.46938776 -4.489795918 0.07030235231
14.28571429 -4.489795918 0.04469829798
15.10204082 -4.489795918 -0.003004250582
15.91836735 -4.489795918 -0.04467624426
16.73469388 -4.489795918 -0.05764919892
17.55102041 -4.489795918 -0.03694869578
18.36734694 -4.489795918 0.003096589819
19.18367347 -4.489795918 0.03821615875
20 -4.489795918 0.04863971099

-20 -3.673469388 0.04899649322
-19.18367347 -3.673469388 0.03229865059
-18.36734694 -3.673469388 -0.006309647113
-17.55102041 -3.673469388 -0.04430929199
-16.73469388 -3.673469388 -0.05774865299
-15.91836735 -3.673469388 -0.03600160778
-15.10204082 -3.673469388 0.01060410589
-14.28571429 -3.673469388 0.0554394871
-13.46938776 -3.673469388 0.07052198797
-12.65306122 -3.673469388 0.04342675209
-11.83673469 -3.673469388 -0.01386671886
-11.02040816 -3.673469388 -0.07001423836
-10.20408163 -3.673469388 -0.09116596729
-9.387755102 -3.673469388 -0.06051455438
-8.571428571 -3.673469388 0.01063521858
-7.755102041 -3.673469388 0.08705898374
-6.93877551 -3.673469388 0.127368927
-6.12244898 -3.673469388 0.1058442891
-5.306122449 -3.673469388 0.02628261968
-4.489795918 -3.673469388 -0.07992237806
-3.673469388 -3.673469388 -0.1704988629
-2.857142857 -3.673469388 -0.2145102322
-2.040816327 -3.673469388 -0.2076721191
-1.224489796 -3.673469388 -0.1723332256
-0.4081632653 -3.673469388 -0.1424493641
0.4081632653 -3.673469388 -0.1424493641
1.224489796 -3.673469388 -0.1723332256
2.040816327 -3.673469388 -0.2076721191
2.857142857 -3.673469388 -0.2145102322
3.673469388 -3.673469388 -0.1704988629
4.489795918 -3.673469388 -0.07992237806
5.306122449 -3.673469388 0.02628261968
6.12244898 -3.673469388 0.1058442891
6.93877551 -3.673469388 0.127368927
7.755102041 -3.673469388 0.08705898374
8.571428571 -3.673469388 0.01063521858
9.387755102 -3.673469388 -0.06051455438
10.20408163 -3.673469388 -0.09116596729
11.02040816 -3.673469388 -0.07001423836
11.83673469 -3.673469388 -0.01386671886
12.65306122 -3.673469388 0.04342675209
13.46938776 -3.673469388 0.07052198797
14.28571429 -3.673469388 0.0554394871
15.10204082 -3.673469388 0.01060410589
15.91836735 -3.673469388 -0.03600160778
16.73469388 -3.673469388 -0.05774865299
17.55102041 -3.673469388 -0.04430929199
18.36734694 -3.673469388 -0.006309647113
19.18367347 -3.673469388 0.03229865059
20 -3.673469388 0.04899649322

-20 -2.857142857 0.04833343253
-19.18367347 -2.857142857 0.02676071413
-18.36734694 -2.857142857 -0.01389859803
-17.55102041 -2.857142857 -0.04926297441
-16.73469388 -2.857142857 -0.05623944849
-15.91836735 -2.857142857 -0.02771499008
-15.10204082 -2.857142857 0.02157631889
-14.28571429 -2.857142857 0.06235013902
-13.46938776 -2.857142857 0.06776186824
-12.65306122 -2.857142857 0.03039387427
-11.83673469 -2.857142857 -0.03119912185
-11.02040816 -2.857142857 -0.0812683031
-10.20408163 -2.857142857 -0.08695621789
-9.387755102 -2.857142857 -0.03856757283
-8.571428571 -2.857142857 0.04204832762
-7.755102041 -2.857142857 0.1109352335
-6.93877551 -2.857142857 0.125183478
-6.12244898 -2.857142857 0.06744291633
-5.306122449 -2.857142857 -0.04213357717
-4.489795918 -2.857142857 -0.1540807337
-3.673469388 -2.857142857 -0.2145102322
-2.857142857 -2.857142857 -0.1937122941
-2.040816327 -2.857142857 -0.1028738096
-1.224489796 -2.857142857 0.01065080985
-0.4081632653 -2.857142857 0.08754693717
0.4081632653 -2.857142857 0.08754693717
1.224489796 -2.857142857 0.01065080985
2.040816327 -2.857142857 -0.1028738096
2.857142857 -2.857142857 -0.1937122941
3.673469388 -2.857142857 -0.2145102322
4.489795918 -2.857142857 -0.1540807337
5.306122449 -2.857142857 -0.04213357717
6.12244898 -2.857142857 0.06744291633
6.93877551 -2.857142857 0.125183478
7.755102041 -2.857142857 0.1109352335
8.571428571 -2.857142857 0.04204832762
9.387755102 -2.857142857 -0.03856757283
10.20408163 -2.857142857 -0.08695621789
11.02040816 -2.857142857 -0.0812683031
11.83673469 -2.857142857 -0.03119912185
12.65306122 -2.857142857 0.03039387427
13.46938776 -2.857142857 0.06776186824
14.28571429 -2.857142857 0.06235013902
15.10204082 -2.857142857 0.02157631889
15.91836735 -2.857142857 -0.02771499008
16.73469388 -2.857142857 -0.05623944849
17.55102041 -2.857142857 -0.04926297441
18.36734694 -2.857142857 -0.01389859803
19.18367347 -2.857142857 0.02676071413
20 -2.857142857 0.04833343253

-20 -2.040816327 0.04727108404
-19.18367347 -2.040816327 0.02218952961
-18.36734694 -2.040816327 -0.01952599734
-17.55102041 -2.040816327 -0.05233455822
-16.73469388 -2.040816327 -0.05415928736
-15.91836735 -2.040816327 -0.02082046866
-15.10204082 -2.040816327 0.02963946201
-14.28571429 -2.040816327 0.06633146852
-13.46938776 -2.040816327 0.06391786039
-12.65306122 -2.040816327 0.01931973919
-11.83673469 -2.040816327 -0.04386973381
-11.02040816 -2.040816327 -0.08722231537
-10.20408163 -2.040816327 -0.07988224924
-9.387755102 -2.040816327 -0.01886507496
-8.571428571 -2.040816327 0.06536486
-7.755102041 -2.040816327 0.1230048835
-6.93877551 -2.040816327 0.112422727
-6.12244898 -2.040816327 0.02628269047
-5.306122449 -2.040816327 -0.09904868901
-4.489795918 -2.040816327 -0.1978999227
-3.673469388 -2.040816327 -0.2076721191
-2.857142857 -2.040816327 -0.1028738096
-2.040816327 -2.040816327 0.08754693717
-1.224489796 -2.040816327 0.2899558544
-0.4081632653 -2.040816327 0.4192378521
0.4081632653 -2.040816327 0.4192378521
1.224489796 -2.040816327 0.2899558544
2.040816327 -2.040816327 0.08754693717
2.857142857 -2.040816327 -0.1028738096
3.673469388 -2.040816327 -0.2076721191
4.489795918 -2.040816327 -0.1978999227
5.306122449 -2.040816327 -0.09904868901
6.12244898 -2.040816327 0.02628269047
6.93877551 -2.040816327 0.112422727
7.755102041 -2.040816327 0.1230048835
8.571428571 -2.040816327 0.06536486
9.387755102 -2.040816327 -0.01886507496
10.20408163 -2.040816327 -0.07988224924
11.02040816 -2.040816327 -0.08722231537
11.83673469 -2.040816327 -0.04386973381
12.65306122 -2.040816327 0.01931973919
13.46938776 -2.040816327 0.06391786039
14.28571429 -2.040816327 0.06633146852
15.10204082 -2.040816327 0.02963946201
15.91836735 -2.040816327 -0.02082046866
16.73469388 -2.040816327 -0.05415928736
17.55102041 -2.040816327 -0.05233455822
18.36734694 -2.040816327 -0.01952599734
19.18367347 -2.040816327 0.02218952961
20 -2.040816327 0.04727108404

-20 -1.224489796 0.04629250988
-19.18367347 -1.224489796 0.01896493509
-18.36734694 -1.224489796 -0.0232092645
-17.55102041 -1.224489796 -0.0540432632
-16.73469388 -1.224489796 -0.05232029781
-15.91836735 -1.224489796 -0.01594679058
-15.10204082 -1.224489796 0.03485439718
-14.28571429 -1.224489796 0.06834111363
-13.46938776 -1.224489796 0.06050792709
-12.65306122 -1.224489796 0.01142887771
-11.83673469 -1.224489796 -0.05195117369
-11.02040816 -1.224489796 -0.08979891241
-10.20408163 -1.224489796 -0.07326202095
-9.387755102 -1.224489796 -0.004487650003
-8.571428571 -1.224489796 0.08009450138
-7.755102041 -1.224489796 0.127368927
-6.93877551 -1.224489796 0.09806314856
-6.12244898 -1.224489796 -0.006322836503
-5.306122449 -1.224489796 -0.1364491731
-4.489795918 -1.224489796 -0.2145102322
-3.673469388 -1.224489796 -0.1723332256
-2.857142857 -1.224489796 0.01065080985
-2.040816327 -1.224489796 0.2899558544
-1.224489796 -1.224489796 0.5700122118
-0.4081632653 -1.224489796 0.7445702553
0.4081632653 -1.224489796 0.7445702553
1.224489796 -1.224489796 0.5700122118
2.040816327 -1.224489796 0.2899558544
2.857142857 -1.224489796 0.01065080985
3.673469388 -1.224489796 -0.1723332256
4.489795918 -1.224489796 -0.2145102322
5.306122449 -1.224489796 -0.1364491731
6.12244898 -1.224489796 -0.006322836503
6.93877551 -1.224489796 0.09806314856
7.755102041 -1.224489796 0.127368927
8.571428571 -1.224489796 0.08009450138
9.387755102 -1.224489796 -0.004487650003
10.20408163 -1.224489796 -0.07326202095
11.02040816 -1.224489796 -0.08979891241
11.83673469 -1.224489796 -0.05195117369
12.65306122 -1.224489796 0.01142887771
13.46938776 -1.224489796 0.06050792709
14.28571429 -1.224489796 0.06834111363
15.10204082 -1.224489796 0.03485439718
15.91836735 -1.224489796 -0.01594679058
16.73469388 -1.224489796 -0.05232029781
17.55102041 -1.224489796 -0.0540432632
18.36734694 -1.224489796 -0.0232092645
19.18367347 -1.224489796 0.01896493509
20 -1.224489796 0.04629250988

-20 -0.4081632653 0.04572230577
-19.18367347 -0.4081632653 0.01730423793
-18.36734694 -0.4081632653 -0.02502275817
-17.55102041 -0.4081632653 -0.05478990078
-16.73469388 -0.4081632653 -0.05126602203
-15.91836735 -0.4081632653 -0.01343720872
-15.10204082 -0.4081632653 0.03739706799
-14.28571429 -0.4081632653 0.06913930923
-13.46938776 -0.4081632653 0.05855132639
-12.65306122 -0.4081632653 0.007356956135
-11.83673469 -0.4081632653 -0.05583843216
-11.02040816 -0.4081632653 -0.0906310007
-10.20408163 -0.4081632653 -0.06938393414
-9.387755102 -0.4081632653 0.002995722229
-8.571428571 -0.4081632653 0.08705905825
-7.755102041 -0.4081632653 0.1282692105
-6.93877551 -0.4081632653 0.08906796575
-6.12244898 -0.4081632653 -0.02389417961
-5.306122449 -0.4081632653 -0.1540807337
-4.489795918 -0.4081632653 -0.2172095627
-3.673469388 -0.4081632653 -0.1424493641
-2.857142857 -0.4081632653 0.08754693717
-2.040816327 -0.4081632653 0.4192378521
-1.224489796 -0.4081632653 0.7445702553
-0.4081632653 -0.4081632653 0.9453853965
0.4081632653 -0.4081632653 0.9453853965
1.224489796 -0.4081632653 0.7445702553
2.040816327 -0.4081632653 0.4192378521
2.857142857 -0.4081632653 0.08754693717
3.673469388 -0.4081632653 -0.1424493641
4.489795918 -0.4081632653 -0.2172095627
5.306122449 -0.4081632653 -0.1540807337
6.12244898 -0.4081632653 -0.02389417961
6.93877551 -0.4081632653 0.08906796575
7.755102041 -0.4081632653 0.1282692105
8.571428571 -0.4081632653 0.08705905825
9.387755102 -0.4081632653 0.002995722229
10.20408163 -0.4081632653 -0.06938393414
11.02040816 -0.4081632653 -0.0906310007
11.83673469 -0.4081632653 -0.05583843216
12.65306122 -0.4081632653 0.007356956135
13.46938776 -0.4081632653 0.05855132639
14.28571429 -0.4081632653 0.06913930923
15.10204082 -0.4081632653 0.03739706799
15.91836735 -0.4081632653 -0.01343720872
16.73469388 -0.4081632653 -0.05126602203
17.55102041 -0.4081632653 -0.05478990078
18.36734694 -0.4081632653 -0.02502275817
19.18367347 -0.4081632653 0.01730423793
20 -0.4081632653 0.04572230577

-20 0.4081632653 0.04572230577
-19.18367347 0.4081632653 0.01730423793
-18.36734694 0.4081632653 -0.02502275817
-17.55102041 0.4081632653 -0.05478990078
-16.73469388 0.4081632653 -0.05126602203
-15.91836735 0.4081632653 -0.01343720872
-15.10204082 0.4081632653 0.03739706799
-14.28571429 0.4081632653 0.06913930923
-13.46938776 0.4081632653 0.05855132639
-12.65306122 0.4081632653 0.007356956135
-11.83673469 0.4081632653 -0.05583843216
-11.02040816 0.4081632653 -0.0906310007
-10.20408163 0.4081632653 -0.06938393414
-9.387755102 0.4081632653 0.002995722229
-8.571428571 0.4081632653 0.08705905825
-7.755102041 0.4081632653 0.1282692105
-6.93877551 0.4081632653 0.08906796575
-6.12244898 0.4081632653 -0.02389417961
-5.306122449 0.4081632653 -0.1540807337
-4.489795918 0.4081632653 -0.2172095627
-3.673469388 0.4081632653 -0.1424493641
-2.857142857 0.4081632653 0.08754693717
-2.040816327 0.4081632653 0.4192378521
-1.224489796 0.4081632653 0.7445702553
-0.4081632653 0.4081632653 0.9453853965
0.4081632653 0.4081632653 0.9453853965
1.224489796 0.4081632653 0.7445702553
2.040816327 0.4081632653 0.4192378521
2.857142857 0.4081632653 0.08754693717
3.673469388 0.4081632653 -0.1424493641
4.489795918 0.4081632653 -0.2172095627
5.306122449 0.4081632653 -0.1540807337
6.12244898 0.4081632653 -0.02389417961
6.93877551 0.4081632653 0.08906796575
7.755102041 0.4081632653 0.1282692105
8.571428571 0.4081632653 0.08705905825
9.387755102 0.4081632653 0.002995722229
10.20408163 0.4081632653 -0.06938393414
11.02040816 0.4081632653 -0.0906310007
11.83673469 0.4081632653 -0.05583843216
12.65306122 0.4081632653 0.007356956135
13.46938776 0.4081632653 0.05855132639
14.28571429 0.4081632653 0.06913930923
15.10204082 0.4081632653 0.03739706799
15.91836735 0.4081632653 -0.01343720872
16.73469388 0.4081632653 -0.05126602203
17.55102041 0.4081632653 -0.05478990078
18.36734694 0.4081632653 -0.02502275817
19.18367347 0.4081632653 0.01730423793
20 0.4081632653 0.04572230577

-20 1.224489796 0.04629250988
-19.18367347 1.224489796 0.01896493509
-18.36734694 1.224489796 -0.0232092645
-17.55102041 1.224489796 -0.0540432632
-16.73469388 1.224489796 -0.05232029781
-15.91836735 1.224489796 -0.01594679058
-15.10204082 1.224489796 0.03485439718
-14.28571429 1.224489796 0.06834111363
-13.46938776 1.224489796 0.06050792709
-12.65306122 1.224489796 0.01142887771
-11.83673469 1.224489796 -0.05195117369
-11.02040816 1.224489796 -0.08979891241
-10.20408163 1.224489796 -0.07326202095
-9.387755102 1.224489796 -0.004487650003
-8.571428571 1.224489796 0.08009450138
-7.755102041 1.224489796 0.127368927
-6.93877551 1.224489796 0.09806314856
-6.12244898 1.224489796 -0.006322836503
-5.306122449 1.224489796 -0.1364491731
-4.489795918 1.224489796 -0.2145102322
-3.673469388 1.224489796 -0.1723332256
-2.857142857 1.224489796 0.01065080985
-2.040816327 1.224489796 0.2899558544
-1.224489796 1.224489796 0.5700122118
-0.4081632653 1.224489796 0.7445702553
0.4081632653 1.224489796 0.7445702553
1.224489796 1.224489796 0.5700122118
2.040816327 1.224489796 0.2899558544
2.857142857 1.224489796 0.01065080985
3.673469388 1.224489796 -0.1723332256
4.489795918 1.224489796 -0.2145102322
5.306122449 1.224489796 -0.1364491731
6.12244898 1.224489796 -0.006322836503
6.93877551 1.224489796 0.09806314856
7.755102041 1.224489796 0.127368927
8.571428571 1.224489796 0.08009450138
9.387755102 1.224489796 -0.004487650003
10.20408163 1.224489796 -0.07326202095
11.02040816 1.224489796 -0.08979891241
11.83673469 1.224489796 -0.05195117369
12.65306122 1.224489796 0.01142887771
13.46938776 1.224489796 0.06050792709
14.28571429 1.224489796 0.06834111363
15.10204082 1.224489796 0.03485439718
15.91836735 1.224489796 -0.01594679058
16.73469388 1.224489796 -0.05232029781
17.55102041 1.224489796 -0.0540432632
18.36734694 1.224489796 -0.0232092645
19.18367347 1.224489796 0.01896493509
20 1.224489796 0.04629250988

-20 2.040816327 0.04727108404
-19.18367347 2.040816327 0.02218952961
-18.36734694 2.040816327 -0.01952599734
-17.55102041 2.040816327 -0.05233455822
-16.73469388 2.040816327 -0.05415928736
-15.91836735 2.040816327 -0.02082046866
-15.10204082 2.040816327 0.02963946201
-14.28571429 2.040816327 0.06633146852
-13.46938776 2.040816327 0.06391786039
-12.65306122 2.040816327 0.01931973919
-11.83673469 2.040816327 -0.04386973381
-11.02040816 2.040816327 -0.08722231537
-10.20408163 2.040816327 -0.07988224924
-9.387755102 2.040816327 -0.01886507496
-8.571428571 2.040816327 0.06536486
-7.755102041 2.040816327 0.1230048835
-6.93877551 2.040816327 0.112422727
-6.12244898 2.040816327 0.02628269047
-5.306122449 2.040816327 -0.09904868901
-4.489795918 2.040816327 -0.1978999227
-3.673469388 2.040816327 -0.2076721191
-2.857142857 2.040816327 -0.1028738096
-2.040816327 2.040816327 0.08754693717
-1.224489796 2.040816327 0.2899558544
-0.4081632653 2.040816327 0.4192378521
0.4081632653 2.040816327 0.4192378521
1.224489796 2.040816327 0.2899558544
2.040816327 2.040816327 0.08754693717
2.857142857 2.040816327 -0.1028738096
3.673469388 2.040816327 -0.2076721191
4.489795918 2.040816327 -0.1978999227
5.306122449 2.040816327 -0.09904868901
6.12244898 2.040816327 0.02628269047
6.93877551 2.040816327 0.112422727
7.755102041 2.040816327 0.1230048835
8.571428571 2.040816327 0.06536486
9.387755102 2.040816327 -0.01886507496
10.20408163 2.040816327 -0.07988224924
11.02040816 2.040816327 -0.08722231537
11.83673469 2.040816327 -0.04386973381
12.65306122 2.040816327 0.01931973919
13.46938776 2.040816327 0.06391786039
14.28571429 2.040816327 0.06633146852
15.10204082 2.040816327 0.02963946201
15.91836735 2.040816327 -0.02082046866
16.73469388 2.040816327 -0.05415928736
17.55102041 2.040816327 -0.05233455822
18.36734694 2.040816327 -0.01952599734
19.18367347 2.040816327 0.02218952961
20 2.040816327 0.04727108404

-20 2.857142857 0.04833343253
-19.18367347 2.857142857 0.02676071413
-18.36734694 2.857142857 -0.01389859803
-17.55102041 2.857142857 -0.04926297441
-16.73469388 2.857142857 -0.05623944849
-15.91836735 2.857142857 -0.02771499008
-15.10204082 2.857142857 0.02157631889
-14.28571429 2.857142857 0.06235013902
-13.46938776 2.857142857 0.06776186824
-12.65306122 2.857142857 0.03039387427
-11.83673469 2.857142857 -0.03119912185
-11.02040816 2.857142857 -0.0812683031
-10.20408163 2.857142857 -0.08695621789
-9.387755102 2.857142857 -0.03856757283
-8.571428571 2.857142857 0.04204832762
-7.755102041 2.857142857 0.1109352335
-6.93877551 2.857142857 0.125183478
-6.12244898 2.857142857 0.06744291633
-5.306122449 2.857142857 -0.04213357717
-4.489795918 2.857142857 -0.1540807337
-3.673469388 2.857142857 -0.2145102322
-2.857142857 2.857142857 -0.1937122941
-2.040816327 2.857142857 -0.1028738096
-1.224489796 2.857142857 0.01065080985
-0.4081632653 2.857142857 0.08754693717
0.4081632653 2.857142857 0.08754693717
1.224489796 2.857142857 0.01065080985
2.040816327 2.857142857 -0.1028738096
2.857142857 2.857142857 -0.1937122941
3.673469388 2.857142857 -0.2145102322
4.489795918 2.857142857 -0.1540807337
5.306122449 2.857142857 -0.04213357717
6.12244898 2.857142857 0.06744291633
6.93877551 2.857142857 0.125183478
7.755102041 2.857142857 0.1109352335
8.571428571 2.857142857 0.04204832762
9.387755102 2.857142857 -0.03856757283
10.20408163 2.857142857 -0.08695621789
11.02040816 2.857142857 -0.0812683031
11.83673469 2.857142857 -0.03119912185
12.65306122 2.857142857 0.03039387427
13.46938776 2.857142857 0.06776186824
14.28571429 2.857142857 0.06235013902
15.10204082 2.857142857 0.02157631889
15.91836735 2.857142857 -0.02771499008
16.73469388 2.857142857 -0.05623944849
17.55102041 2.857142857 -0.04926297441
18.36734694 2.857142857 -0.01389859803
19.18367347 2.857142857 0.02676071413
20 2.857142857 0.04833343253

-20 3.673469388 0.04899649322
-19.18367347 3.673469388 0.03229865059
-18.36734694 3.673469388 -0.006309647113
-17.55102041 3.673469388 -0.04430929199
-16.73469388 3.673469388 -0.05774865299
-15.91836735 3.673469388 -0.03600160778
-15.10204082 3.673469388 0.01060410589
-14.28571429 3.673469388 0.0554394871
-13.46938776 3.673469388 0.07052198797
-12.65306122 3.673469388 0.04342675209
-11.83673469 3.673469388 -0.01386671886
-11.02040816 3.673469388 -0.07001423836
-10.20408163 3.673469388 -0.09116596729
-9.387755102 3.673469388 -0.06051455438
-8.571428571 3.673469388 0.01063521858
-7.755102041 3.673469388 0.08705898374
-6.93877551 3.673469388 0.127368927
-6.12244898 3.673469388 0.1058442891
-5.306122449 3.673469388 0.02628261968
-4.489795918 3.673469388 -0.07992237806
-3.673469388 3.673469388 -0.1704988629
-2.857142857 3.673469388 -0.2145102322
-2.040816327 3.673469388 -0.2076721191
-1.224489796 3.673469388 -0.1723332256
-0.4081632653 3.673469388 -0.1424493641
0.4081632653 3.673469388 -0.1424493641
1.224489796 3.673469388 -0.1723332256
2.040816327 3.673469388 -0.2076721191
2.857142857 3.673469388 -0.2145102322
3.673469388 3.673469388 -0.1704988629
4.489795918 3.673469388 -0.07992237806
5.306122449 3.673469388 0.02628261968
6.12244898 3.673469388 0.1058442891
6.93877551 3.673469388 0.127368927
7.755102041 3.673469388 0.08705898374
8.571428571 3.673469388 0.01063521858
9.387755102 3.673469388 -0.06051455438
10.20408163 3.673469388 -0.09116596729
11.02040816 3.673469388 -0.07001423836
11.83673469 3.673469388 -0.01386671886
12.65306122 3.673469388 0.04342675209
13.46938776 3.673469388 0.07052198797
14.28571429 3.673469388 0.0554394871
15.10204082 3.673469388 0.01060410589
15.91836735 3.673469388 -0.03600160778
16.73469388 3.673469388 -0.05774865299
17.55102041 3.673469388 -0.04430929199
18.36734694 3.673469388 -0.006309647113
19.18367347 3.673469388 0.03229865059
20 3.673469388 0.04899649322

-20 4.489795918 0.04863971099
-19.18367347 4.489795918 0.03821615875
-18.36734694 4.489795918 0.003096589819
-17.55102041 4.489795918 -0.03694869578
-16.73469388 4.489795918 -0.05764919892
-15.91836735 4.489795918 -0.04467624426
-15.10204082 4.489795918 -0.003004250582
-14.28571429 4.489795918 0.04469829798
-13.46938776 4.489795918 0.07030235231
-12.65306122 4.489795918 0.05642909184
-11.83673469 4.489795918 0.007357030176
-11.02040816 4.489795918 -0.05195117369
-10.20408163 4.489795918 -0.08865861595
-9.387755102 4.489795918 -0.07988224924
-8.571428571 4.489795918 -0.02570461668
-7.755102041 4.489795918 0.04991761595
-6.93877551 4.489795918 0.1109352335
-6.12244898 4.489795918 0.1272279918
-5.306122449 4.489795918 0.08906796575
-4.489795918 4.489795918 0.0104411263
-3.673469388 4.489795918 -0.07992237806
-2.857142857 4.489795918 -0.1540807337
-2.040816327 4.489795918 -0.1978999227
-1.224489796 4.489795918 -0.2145102322
-0.4081632653 4.489795918 -0.2172095627
0.4081632653 4.489795918 -0.2172095627
1.224489796 4.489795918 -0.2145102322
2.040816327 4.489795918 -0.1978999227
2.857142857 4.489795918 -0.1540807337
3.673469388 4.489795918 -0.07992237806
4.489795918 4.489795918 0.0104411263
5.306122449 4.489795918 0.08906796575
6.12244898 4.489795918 0.1272279918
6.93877551 4.489795918 0.1109352335
7.755102041 4.489795918 0.04991761595
8.571428571 4.489795918 -0.02570461668
9.387755102 4.489795918 -0.07988224924
10.20408163 4.489795918 -0.08865861595
11.02040816 4.489795918 -0.05195117369
11.83673469 4.489795918 0.007357030176
12.65306122 4.489795918 0.05642909184
13.46938776 4.489795918 0.07030235231
14.28571429 4.489795918 0.04469829798
15.10204082 4.489795918 -0.003004250582
15.91836735 4.489795918 -0.04467624426
16.73469388 4.489795918 -0.05764919892
17.55102041 4.489795918 -0.03694869578
18.36734694 4.489795918 0.003096589819
19.18367347 4.489795918 0.03821615875
20 4.489795918 0.04863971099

-20 5.306122449 0.0465571098
-19.18367347 5.306122449 0.04369047657
-18.36734694 5.306122449 0.01389482245
-17.55102041 5.306122449 -0.02681395784
-16.73469388 5.306122449 -0.05478990078
-15.91836735 5.306122449 -0.05232029781
-15.10204082 5.306122449 -0.01840912737
-14.28571429 5.306122449 0.02963946201
-13.46938776 5.306122449 0.06512868404
-12.65306122 5.306122449 0.06665042043
-11.83673469 5.306122449 0.03039393947
-11.02040816 5.306122449 -0.0268859677
-10.20408163 5.306122449 -0.07606656849
-9.387755102 5.306122449 -0.09065720439
-8.571428571 5.306122449 -0.0605144836
-7.755102041 5.306122449 0.002995823976
-6.93877551 5.306122449 0.07284508646
-6.12244898 5.306122449 0.1196581498
-5.306122449 5.306122449 0.125183478
-4.489795918 5.306122449 0.08906796575
-3.673469388 5.306122449 0.02628261968
-2.857142857 5.306122449 -0.04213357717
-2.040816327 5.306122449 -0.09904868901
-1.224489796 5.306122449 -0.1364491731
-0.4081632653 5.306122449 -0.1540807337
0.4081632653 5.306122449 -0.1540807337
1.224489796 5.306122449 -0.1364491731
2.040816327 5.306122449 -0.09904868901
2.857142857 5.306122449 -0.04213357717
3.673469388 5.306122449 0.02628261968
4.489795918 5.306122449 0.08906796575
5.306122449 5.306122449 0.125183478
6.12244898 5.306122449 0.1196581498
6.93877551 5.306122449 0.07284508646
7.755102041 5.306122449 0.002995823976
8.571428571 5.306122449 -0.0605144836
9.387755102 5.306122449 -0.09065720439
10.20408163 5.306122449 -0.07606656849
11.02040816 5.306122449 -0.0268859677
11.83673469 5.306122449 0.03039393947
12.65306122 5.306122449 0.06665042043
13.46938776 5.306122449 0.06512868404
14.28571429 5.306122449 0.02963946201
15.10204082 5.306122449 -0.01840912737
15.91836735 5.306122449 -0.05232029781
16.73469388 5.306122449 -0.05478990078
17.55102041 5.306122449 -0.02681395784
18.36734694 5.306122449 0.01389482245
19.18367347 5.306122449 0.04369047657
20 5.306122449 0.0465571098

-20 6.12244898 0.04205371439
-19.18367347 6.12244898 0.047679279
-18.36734694 6.12244898 0.0252744481
-17.55102041 6.12244898 -0.01389869861
-16.73469388 6.12244898 -0.04811201617
-15.91836735 6.12244898 -0.05717374012
-15.10204082 6.12244898 -0.03403543308
-14.28571429 6.12244898 0.01060416829
-13.46938776 6.12244898 0.05346009508
-12.65306122 6.12244898 0.07091010362
-11.83673469 6.12244898 0.05169709772
-11.02040816 6.12244898 0.003213542281
-10.20408163 6.12244898 -0.05195117369
-9.387755102 6.12244898 -0.08722233772
-8.571428571 6.12244898 -0.08497794718
-7.755102041 6.12244898 -0.04455085099
-6.93877551 6.12244898 0.01839734055
-6.12244898 6.12244898 0.08009450138
-5.306122449 6.12244898 0.1196581498
-4.489795918 6.12244898 0.1272279918
-3.673469388 6.12244898 0.1058442891
-2.857142857 6.12244898 0.06744291633
-2.040816327 6.12244898 0.02628269047
-1.224489796 6.12244898 -0.006322836503
-0.4081632653 6.12244898 -0.02389417961
0.4081632653 6.12244898 -0.02389417961
1.224489796 6.12244898 -0.006322836503
2.040816327 6.12244898 0.02628269047
2.857142857 6.12244898 0.06744291633
3.673469388 6.12244898 0.1058442891
4.489795918 6.12244898 0.1272279918
5.306122449 6.12244898 0.1196581498
6.12244898 6.12244898 0.08009450138
6.93877551 6.12244898 0.01839734055
7.755102041 6.12244898 -0.04455085099
8.571428571 6.12244898 -0.08497794718
9.387755102 6.12244898 -0.08722233772
10.20408163 6.12244898 -0.05195117369
11.02040816 6.12244898 0.003213542281
11.83673469 6.12244898 0.05169709772
12.65306122 6.12244898 0.07091010362
13.46938776 6.12244898 0.05346009508
14.28571429 6.12244898 0.01060416829
15.10204082 6.12244898 -0.03403543308
15.91836735 6.12244898 -0.05717374012
16.73469388 6.12244898 -0.04811201617
17.55102041 6.12244898 -0.01389869861
18.36734694 6.12244898 0.0252744481
19.18367347 6.12244898 0.047679279
20 6.12244898 0.04205371439

-20 6.93877551 0.03459167108
-19.18367347 6.93877551 0.04900946096
-18.36734694 6.93877551 0.03599055484
-17.55102041 6.93877551 0.001234779949
-16.73469388 6.93877551 -0.03694869578
-15.91836735 6.93877551 -0.05737360567
-15.10204082 6.93877551 -0.04757209122
-14.28571429 6.93877551 -0.01088415924
-13.46938776 6.93877551 0.03485444933
-12.65306122 6.93877551 0.06633149087
-11.83673469 6.93877551 0.06665042043
-11.02040816 6.93877551 0.03385102749
-10.20408163 6.93877551 -0.0182067398
-9.387755102 6.93877551 -0.0667065233
-8.571428571 6.93877551 -0.09063100815
-7.755102041 6.93877551 -0.07988224924
-6.93877551 6.93877551 -0.03856757283
-6.12244898 6.93877551 0.01839734055
-5.306122449 6.93877551 0.07284508646
-4.489795918 6.93877551 0.1109352335
-3.673469388 6.93877551 0.127368927
-2.857142857 6.93877551 0.125183478
-2.040816327 6.93877551 0.112422727
-1.224489796 6.93877551 0.09806314856
-0.4081632653 6.93877551 0.08906796575
0.4081632653 6.93877551 0.08906796575
1.224489796 6.93877551 0.09806314856
2.040816327 6.93877551 0.112422727
2.857142857 6.93877551 0.125183478
3.673469388 6.93877551 0.127368927
4.489795918 6.93877551 0.1109352335
5.306122449 6.93877551 0.07284508646
6.12244898 6.93877551 0.01839734055
6.93877551 6.93877551 -0.03856757283
7.755102041 6.93877551 -0.07988224924
8.571428571 6.93877551 -0.09063100815
9.387755102 6.93877551 -0.0667065233
10.20408163 6.93877551 -0.0182067398
11.02040816 6.93877551 0.03385102749
11.83673469 6.93877551 0.06665042043
12.65306122 6.93877551 0.06633149087
13.46938776 6.93877551 0.03485444933
14.28571429 6.93877551 -0.01088415924
15.10204082 6.93877551 -0.04757209122
15.91836735 6.93877551 -0.05737360567
16.73469388 6.93877551 -0.03694869578
17.55102041 6.93877551 0.001234779949
18.36734694 6.93877551 0.03599055484
19.18367347 6.93877551 0.04900946096
20 6.93877551 0.03459167108

-20 7.755102041 0.0239775423
-19.18367347 7.755102041 0.0465571098
-18.36734694 7.755102041 0.04442104697
-17.55102041 7.755102041 0.01730423793
-16.73469388 7.755102041 -0.02137627453
-15.91836735 7.755102041 -0.05137638003
-15.10204082 7.755102041 -0.05623947829
-14.28571429 7.755102041 -0.03199717402
-13.46938776 7.755102041 0.01060416829
-12.65306122 7.755102041 0.05139077827
-11.83673469 7.755102041 0.07065980881
-11.02040816 7.755102041 0.05855136365
-10.20408163 7.755102041 0.01931973919
-9.387755102 7.755102041 -0.03119912185
-8.571428571 7.755102041 -0.07313929498
-7.755102041 7.755102041 -0.09114329517
-6.93877551 7.755102041 -0.07988224924
-6.12244898 7.755102041 -0.04455085099
-5.306122449 7.755102041 0.002995823976
-4.489795918 7.755102041 0.04991761595
-3.673469388 7.755102041 0.08705898374
-2.857142857 7.755102041 0.1109352335
-2.040816327 7.755102041 0.1230048835
-1.224489796 7.755102041 0.127368927
-0.4081632653 7.755102041 0.1282692105
0.4081632653 7.755102041 0.1282692105
1.224489796 7.755102041 0.127368927
2.040816327 7.755102041 0.1230048835
2.857142857 7.755102041 0.1109352335
3.673469388 7.755102041 0.08705898374
4.489795918 7.755102041 0.04991761595
5.306122449 7.755102041 0.002995823976
6.12244898 7.755102041 -0.04455085099
6.93877551 7.755102041 -0.07988224924
7.755102041 7.755102041 -0.09114329517
8.571428571 7.755102041 -0.07313929498
9.387755102 7.755102041 -0.03119912185
10.20408163 7.755102041 0.01931973919
11.02040816 7.755102041 0.05855136365
11.83673469 7.755102041 0.07065980881
12.65306122 7.755102041 0.05139077827
13.46938776 7.755102041 0.01060416829
14.28571429 7.755102041 -0.03199717402
15.10204082 7.755102041 -0.05623947829
15.91836735 7.755102041 -0.05137638003
16.73469388 7.755102041 -0.02137627453
17.55102041 7.755102041 0.01730423793
18.36734694 7.755102041 0.04442104697
19.18367347 7.755102041 0.0465571098
20 7.755102041 0.0239775423

-20 8.571428571 0.01055760682
-19.18367347 8.571428571 0.03951681778
-18.36734694 8.571428571 0.04877197742
-17.55102041 8.571428571 0.03229865059
-16.73469388 8.571428571 -0.002522453666
-15.91836735 8.571428571 -0.03851159662
-15.10204082 8.571428571 -0.05737360567
-14.28571429 8.571428571 -0.04889108986
-13.46938776 8.571428571 -0.01594679058
-12.65306122 8.571428571 0.02697838098
-11.83673469 8.571428571 0.06078407913
-11.02040816 8.571428571 0.07052198797
-10.20408163 8.571428571 0.05169709772
-9.387755102 8.571428571 0.01142887771
-8.571428571 8.571428571 -0.03547675535
-7.755102041 8.571428571 -0.07313929498
-6.93877551 8.571428571 -0.09063100815
-6.12244898 8.571428571 -0.08497794718
-5.306122449 8.571428571 -0.0605144836
-4.489795918 8.571428571 -0.02570461668
-3.673469388 8.571428571 0.01063521858
-2.857142857 8.571428571 0.04204832762
-2.040816327 8.571428571 0.06536486
-1.224489796 8.571428571 0.08009450138
-0.4081632653 8.571428571 0.08705905825
0.4081632653 8.571428571 0.08705905825
1.224489796 8.571428571 0.08009450138
2.040816327 8.571428571 0.06536486
2.857142857 8.571428571 0.04204832762
3.673469388 8.571428571 0.01063521858
4.489795918 8.571428571 -0.02570461668
5.306122449 8.571428571 -0.0605144836
6.12244898 8.571428571 -0.08497794718
6.93877551 8.571428571 -0.09063100815
7.755102041 8.571428571 -0.07313929498
8.571428571 8.571428571 -0.03547675535
9.387755102 8.571428571 0.01142887771
10.20408163 8.571428571 0.05169709772
11.02040816 8.571428571 0.07052198797
11.83673469 8.571428571 0.06078407913
12.65306122 8.571428571 0.02697838098
13.46938776 8.571428571 -0.01594679058
14.28571429 8.571428571 -0.04889108986
15.10204082 8.571428571 -0.05737360567
15.91836735 8.571428571 -0.03851159662
16.73469388 8.571428571 -0.002522453666
17.55102041 8.571428571 0.03229865059
18.36734694 8.571428571 0.04877197742
19.18367347 8.571428571 0.03951681778
20 8.571428571 0.01055760682

-20 9.387755102 -0.004631836433
-19.18367347 9.387755102 0.02772231586
-18.36734694 9.387755102 0.04744387046
-17.55102041 9.387755102 0.04369047657
-16.73469388 9.387755102 0.01730423793
-15.91836735 9.387755102 -0.01952599734
-15.10204082 9.387755102 -0.04926291853
-14.28571429 9.387755102 -0.05750586092
-13.46938776 9.387755102 -0.03970889002
-12.65306122 9.387755102 -0.003004190279
-11.83673469 9.387755102 0.03739706799
-11.02040816 9.387755102 0.06512866169
-10.20408163 9.387755102 0.06947698444
-9.387755102 9.387755102 0.04909303039
-8.571428571 9.387755102 0.01142887771
-7.755102041 9.387755102 -0.03119912185
-6.93877551 9.387755102 -0.0667065233
-6.12244898 9.387755102 -0.08722233772
-5.306122449 9.387755102 -0.09065720439
-4.489795918 9.387755102 -0.07988224924
-3.673469388 9.387755102 -0.06051455438
-2.857142857 9.387755102 -0.03856757283
-2.040816327 9.387755102 -0.01886507496
-1.224489796 9.387755102 -0.004487650003
-0.4081632653 9.387755102 0.002995722229
0.4081632653 9.387755102 0.002995722229
1.224489796 9.387755102 -0.004487650003
2.040816327 9.387755102 -0.01886507496
2.857142857 9.387755102 -0.03856757283
3.673469388 9.387755102 -0.06051455438
4.489795918 9.387755102 -0.07988224924
5.306122449 9.387755102 -0.09065720439
6.12244898 9.387755102 -0.08722233772
6.93877551 9.387755102 -0.0667065233
7.755102041 9.387755102 -0.03119912185
8.571428571 9.387755102 0.01142887771
9.387755102 9.387755102 0.04909303039
10.20408163 9.387755102 0.06947698444
11.02040816 9.387755102 0.06512866169
11.83673469 9.387755102 0.03739706799
12.65306122 9.387755102 -0.003004190279
13.46938776 9.387755102 -0.03970889002
14.28571429 9.387755102 -0.05750586092
15.10204082 9.387755102 -0.04926291853
15.91836735 9.387755102 -0.01952599734
16.73469388 9.387755102 0.01730423793
17.55102041 9.387755102 0.04369047657
18.36734694 9.387755102 0.04744387046
19.18367347 9.387755102 0.02772231586
20 9.387755102 -0.004631836433

-20 10.20408163 -0.01983409934
-19.18367347 10.20408163 0.01194004714
-18.36734694 10.20408163 0.03951676562
-17.55102041 10.20408163 0.04891085625
-16.73469388 10.20408163 0.03480607271
-15.91836735 10.20408163 0.003096489469
-15.10204082 10.20408163 -0.03202808276
-14.28571429 10.20408163 -0.05478986725
-13.46938776 10.20408163 -0.05494332686
-12.65306122 10.20408163 -0.03199717402
-11.83673469 10.20408163 0.005117007531
-11.02040816 10.20408163 0.04232467711
-10.20408163 10.20408163 0.06633146852
-9.387755102 10.20408163 0.06947698444
-8.571428571 10.20408163 0.05169709772
-7.755102041 10.20408163 0.01931973919
-6.93877551 10.20408163 -0.0182067398
-6.12244898 10.20408163 -0.05195117369
-5.306122449 10.20408163 -0.07606656849
-4.489795918 10.20408163 -0.08865861595
-3.673469388 10.20408163 -0.09116596729
-2.857142857 10.20408163 -0.08695621789
-2.040816327 10.20408163 -0.07988224924
-1.224489796 10.20408163 -0.07326202095
-0.4081632653 10.20408163 -0.06938393414
0.4081632653 10.20408163 -0.06938393414
1.224489796 10.20408163 -0.07326202095
2.040816327 10.20408163 -0.07988224924
2.857142857 10.20408163 -0.08695621789
3.673469388 10.20408163 -0.09116596729
4.489795918 10.20408163 -0.08865861595
5.306122449 10.20408163 -0.07606656849
6.12244898 10.20408163 -0.05195117369
6.93877551 10.20408163 -0.0182067398
7.755102041 10.20408163 0.01931973919
8.571428571 10.20408163 0.05169709772
9.387755102 10.20408163 0.06947698444
10.20408163 10.20408163 0.06633146852
11.02040816 10.20408163 0.04232467711
11.83673469 10.20408163 0.005117007531
12.65306122 10.20408163 -0.03199717402
13.46938776 10.20408163 -0.05494332686
14.28571429 10.20408163 -0.05478986725
15.10204082 10.20408163 -0.03202808276
15.91836735 10.20408163 0.003096489469
16.73469388 10.20408163 0.03480607271
17.55102041 10.20408163 0.04891085625
18.36734694 10.20408163 0.03951676562
19.18367347 10.20408163 0.01194004714
20 10.20408163 -0.01983409934

-20 11.02040816 -0.03272942454
-19.18367347 11.02040816 -0.005978483241
-18.36734694 11.02040816 0.0252451282
-17.55102041 11.02040816 0.04604433849
-16.73469388 11.02040816 0.04629250988
-15.91836735 11.02040816 0.0252744481
-15.10204082 11.02040816 -0.008208657615
-14.28571429 11.02040816 -0.04003158212
-13.46938776 11.02040816 -0.05701563135
-12.65306122 11.02040816 -0.05232029781
-11.83673469 11.02040816 -0.02771509439
-11.02040816 11.02040816 0.007856388576
-10.20408163 11.02040816 0.04232467711
-9.387755102 11.02040816 0.06512866169
-8.571428571 11.02040816 0.07052198797
-7.755102041 11.02040816 0.05855136365
-6.93877551 11.02040816 0.03385102749
-6.12244898 11.02040816 0.003213542281
-5.306122449 11.02040816 -0.0268859677
-4.489795918 11.02040816 -0.05195117369
-3.673469388 11.02040816 -0.07001423836
-2.857142857 11.02040816 -0.0812683031
-2.040816327 11.02040816 -0.08722231537
-1.224489796 11.02040816 -0.08979891241
-0.4081632653 11.02040816 -0.0906310007
0.4081632653 11.02040816 -0.0906310007
1.224489796 11.02040816 -0.08979891241
2.040816327 11.02040816 -0.08722231537
2.857142857 11.02040816 -0.0812683031
3.673469388 11.02040816 -0.07001423836
4.489795918 11.02040816 -0.05195117369
5.306122449 11.02040816 -0.0268859677
6.12244898 11.02040816 0.003213542281
6.93877551 11.02040816 0.03385102749
7.755102041 11.02040816 0.05855136365
8.571428571 11.02040816 0.07052198797
9.387755102 11.02040816 0.06512866169
10.20408163 11.02040816 0.04232467711
11.02040816 11.02040816 0.007856388576
11.83673469 11.02040816 -0.02771509439
12.65306122 11.02040816 -0.05232029781
13.46938776 11.02040816 -0.05701563135
14.28571429 11.02040816 -0.04003158212
15.10204082 11.02040816 -0.008208657615
15.91836735 11.02040816 0.0252744481
16.73469388 11.02040816 0.04629250988
17.55102041 11.02040816 0.04604433849
18.36734694 11.02040816 0.0252451282
19.18367347 11.02040816 -0.005978483241
20 11.02040816 -0.03272942454

-20 11.83673469 -0.04082122818
-19.18367347 11.83673469 -0.02320303023
-18.36734694 11.83673469 0.006391208153
-17.55102041 11.83673469 0.03459167108
-16.73469388 11.83673469 0.04863971099
-15.91836735 11.83673469 0.04207144678
-15.10204082 11.83673469 0.01730423793
-14.28571429 11.83673469 -0.01578469761
-13.46938776 11.83673469 -0.04430922121
-12.65306122 11.83673469 -0.05764918402
-11.83673469 11.83673469 -0.05126607418
-11.02040816 11.83673469 -0.02771509439
-10.20408163 11.83673469 0.005117007531
-9.387755102 11.83673469 0.03739706799
-8.571428571 11.83673469 0.06078407913
-7.755102041 11.83673469 0.07065980881
-6.93877551 11.83673469 0.06665042043
-6.12244898 11.83673469 0.05169709772
-5.306122449 11.83673469 0.03039393947
-4.489795918 11.83673469 0.007357030176
-3.673469388 11.83673469 -0.01386671886
-2.857142857 11.83673469 -0.03119912185
-2.040816327 11.83673469 -0.04386973381
-1.224489796 11.83673469 -0.05195117369
-0.4081632653 11.83673469 -0.05583843216
0.4081632653 11.83673469 -0.05583843216
1.224489796 11.83673469 -0.05195117369
2.040816327 11.83673469 -0.04386973381
2.857142857 11.83673469 -0.03119912185
3.673469388 11.83673469 -0.01386671886
4.489795918 11.83673469 0.007357030176
5.306122449 11.83673469 0.03039393947
6.12244898 11.83673469 0.05169709772
6.93877551 11.83673469 0.06665042043
7.755102041 11.83673469 0.07065980881
8.571428571 11.83673469 0.06078407913
9.387755102 11.83673469 0.03739706799
10.20408163 11.83673469 0.005117007531
11.02040816 11.83673469 -0.02771509439
11.83673469 11.83673469 -0.05126607418
12.65306122 11.83673469 -0.05764918402
13.46938776 11.83673469 -0.04430922121
14.28571429 11.83673469 -0.01578469761
15.10204082 11.83673469 0.01730423793
15.91836735 11.83673469 0.04207144678
16.73469388 11.83673469 0.04863971099
17.55102041 11.83673469 0.03459167108
18.36734694 11.83673469 0.006391208153
19.18367347 11.83673469 -0.02320303023
20 11.83673469 -0.04082122818

-20 12.65306122 -0.04202349856
-19.18367347 12.65306122 -0.03636910021
-18.36734694 12.65306122 -0.01379053574
-17.55102041 12.65306122 0.01604962721
-16.73469388 12.65306122 0.0403996706
-15.91836735 12.65306122 0.04899649322
-15.10204082 12.65306122 0.03821615875
-14.28571429 12.65306122 0.01214956306
-13.46938776 12.65306122 -0.01952609606
-12.65306122 12.65306122 -0.04563279822
-11.83673469 12.65306122 -0.05764918402
-11.02040816 12.65306122 -0.05232029781
-10.20408163 12.65306122 -0.03199717402
-9.387755102 12.65306122 -0.003004190279
-8.571428571 12.65306122 0.02697838098
-7.755102041 12.65306122 0.05139077827
-6.93877551 12.65306122 0.06633149087
-6.12244898 12.65306122 0.07091010362
-5.306122449 12.65306122 0.06665042043
-4.489795918 12.65306122 0.05642909184
-3.673469388 12.65306122 0.04342675209
-2.857142857 12.65306122 0.03039387427
-2.040816327 12.65306122 0.01931973919
-1.224489796 12.65306122 0.01142887771
-0.4081632653 12.65306122 0.007356956135
0.4081632653 12.65306122 0.007356956135
1.224489796 12.65306122 0.01142887771
2.040816327 12.65306122 0.01931973919
2.857142857 12.65306122 0.03039387427
3.673469388 12.65306122 0.04342675209
4.489795918 12.65306122 0.05642909184
5.306122449 12.65306122 0.06665042043
6.12244898 12.65306122 0.07091010362
6.93877551 12.65306122 0.06633149087
7.755102041 12.65306122 0.05139077827
8.571428571 12.65306122 0.02697838098
9.387755102 12.65306122 -0.003004190279
10.20408163 12.65306122 -0.03199717402
11.02040816 12.65306122 -0.05232029781
11.83673469 12.65306122 -0.05764918402
12.65306122 12.65306122 -0.04563279822
13.46938776 12.65306122 -0.01952609606
14.28571429 12.65306122 0.01214956306
15.10204082 12.65306122 0.03821615875
15.91836735 12.65306122 0.04899649322
16.73469388 12.65306122 0.0403996706
17.55102041 12.65306122 0.01604962721
18.36734694 12.65306122 -0.01379053574
19.18367347 12.65306122 -0.03636910021
20 12.65306122 -0.04202349856

-20 13.46938776 -0.0353384465
-19.18367347 13.46938776 -0.04234560207
-18.36734694 13.46938776 -0.03105370328
-17.55102041 13.46938776 -0.005978483241
-16.73469388 13.46938776 0.02269224077
-15.91836735 13.46938776 0.04355142266
-15.10204082 13.46938776 0.04857958481
-14.28571429 13.46938776 0.03599055484
-13.46938776 13.46938776 0.01037998777
-12.65306122 13.46938776 -0.01952609606
-11.83673469 13.46938776 -0.04430922121
-11.02040816 13.46938776 -0.05701563135
-10.20408163 13.46938776 -0.05494332686
-9.387755102 13.46938776 -0.03970889002
-8.571428571 13.46938776 -0.01594679058
-7.755102041 13.46938776 0.01060416829
-6.93877551 13.46938776 0.03485444933
-6.12244898 13.46938776 0.05346009508
-5.306122449 13.46938776 0.06512868404
-4.489795918 13.46938776 0.07030235231
-3.673469388 13.46938776 0.07052198797
-2.857142857 13.46938776 0.06776186824
-2.040816327 13.46938776 0.06391786039
-1.224489796 13.46938776 0.06050792709
-0.4081632653 13.46938776 0.05855132639
0.4081632653 13.46938776 0.05855132639
1.224489796 13.46938776 0.06050792709
2.040816327 13.46938776 0.06391786039
2.857142857 13.46938776 0.06776186824
3.673469388 13.46938776 0.07052198797
4.489795918 13.46938776 0.07030235231
5.306122449 13.46938776 0.06512868404
6.12244898 13.46938776 0.05346009508
6.93877551 13.46938776 0.03485444933
7.755102041 13.46938776 0.01060416829
8.571428571 13.46938776 -0.01594679058
9.387755102 13.46938776 -0.03970889002
10.20408163 13.46938776 -0.05494332686
11.02040816 13.46938776 -0.05701563135
11.83673469 13.46938776 -0.04430922121
12.65306122 13.46938776 -0.01952609606
13.46938776 13.46938776 0.01037998777
14.28571429 13.46938776 0.03599055484
15.10204082 13.46938776 0.04857958481
15.91836735 13.46938776 0.04355142266
16.73469388 13.46938776 0.02269224077
17.55102041 13.46938776 -0.005978483241
18.36734694 13.46938776 -0.03105370328
19.18367347 13.46938776 -0.04234560207
20 13.46938776 -0.0353384465

-20 14.28571429 -0.02142807655
-19.18367347 14.28571429 -0.0391789712
-18.36734694 14.28571429 -0.04114356264
-17.55102041 14.28571429 -0.02635114826
-16.73469388 14.28571429 -0.0005381936789
-15.91836735 14.28571429 0.026493866
-15.10204082 14.28571429 0.04488430545
-14.28571429 14.28571429 0.04833343253
-13.46938776 14.28571429 0.03599055484
-12.65306122 14.28571429 0.01214956306
-11.83673469 14.28571429 -0.01578469761
-11.02040816 14.28571429 -0.04003158212
-10.20408163 14.28571429 -0.05478986725
-9.387755102 14.28571429 -0.05750586092
-8.571428571 14.28571429 -0.04889108986
-7.755102041 14.28571429 -0.03199717402
-6.93877551 14.28571429 -0.01088415924
-6.12244898 14.28571429 0.01060416829
-5.306122449 14.28571429 0.02963946201
-4.489795918 14.28571429 0.04469829798
-3.673469388 14.28571429 0.0554394871
-2.857142857 14.28571429 0.06235013902
-2.040816327 14.28571429 0.06633146852
-1.224489796 14.28571429 0.06834111363
-0.4081632653 14.28571429 0.06913930923
0.4081632653 14.28571429 0.06913930923
1.224489796 14.28571429 0.06834111363
2.040816327 14.28571429 0.06633146852
2.857142857 14.28571429 0.06235013902
3.673469388 14.28571429 0.0554394871
4.489795918 14.28571429 0.04469829798
5.306122449 14.28571429 0.02963946201
6.12244898 14.28571429 0.01060416829
6.93877551 14.28571429 -0.01088415924
7.755102041 14.28571429 -0.03199717402
8.571428571 14.28571429 -0.04889108986
9.387755102 14.28571429 -0.05750586092
10.20408163 14.28571429 -0.05478986725
11.02040816 14.28571429 -0.04003158212
11.83673469 14.28571429 -0.01578469761
12.65306122 14.28571429 0.01214956306
13.46938776 14.28571429 0.03599055484
14.28571429 14.28571429 0.04833343253
15.10204082 14.28571429 0.04488430545
15.91836735 14.28571429 0.026493866
16.73469388 14.28571429 -0.0005381936789
17.55102041 14.28571429 -0.02635114826
18.36734694 14.28571429 -0.04114356264
19.18367347 14.28571429 -0.0391789712
20 14.28571429 -0.02142807655

-20 15.10204082 -0.002845939947
-19.18367347 15.10204082 -0.02694246173
-18.36734694 15.10204082 -0.04106933996
-17.55102041 15.10204082 -0.03964565694
-16.73469388 15.10204082 -0.02320303023
-15.91836735 15.10204082 0.002223740797
-15.10204082 15.10204082 0.02772231586
-14.28571429 15.10204082 0.04488430545
-13.46938776 15.10204082 0.04857958481
-12.65306122 15.10204082 0.03821615875
-11.83673469 15.10204082 0.01730423793
-11.02040816 15.10204082 -0.008208657615
-10.20408163 15.10204082 -0.03202808276
-9.387755102 15.10204082 -0.04926291853
-8.571428571 15.10204082 -0.05737360567
-7.755102041 15.10204082 -0.05623947829
-6.93877551 15.10204082 -0.04757209122
-6.12244898 15.10204082 -0.03403543308
-5.306122449 15.10204082 -0.01840912737
-4.489795918 15.10204082 -0.003004250582
-3.673469388 15.10204082 0.01060410589
-2.857142857 15.10204082 0.02157631889
-2.040816327 15.10204082 0.02963946201
-1.224489796 15.10204082 0.03485439718
-0.4081632653 15.10204082 0.03739706799
0.4081632653 15.10204082 0.03739706799
1.224489796 15.10204082 0.03485439718
2.040816327 15.10204082 0.02963946201
2.857142857 15.10204082 0.02157631889
3.673469388 15.10204082 0.01060410589
4.489795918 15.10204082 -0.003004250582
5.306122449 15.10204082 -0.01840912737
6.12244898 15.10204082 -0.03403543308
6.93877551 15.10204082 -0.04757209122
7.755102041 15.10204082 -0.05623947829
8.571428571 15.10204082 -0.05737360567
9.387755102 15.10204082 -0.04926291853
10.20408163 15.10204082 -0.03202808276
11.02040816 15.10204082 -0.008208657615
11.83673469 15.10204082 0.01730423793
12.65306122 15.10204082 0.03821615875
13.46938776 15.10204082 0.04857958481
14.28571429 15.10204082 0.04488430545
15.10204082 15.10204082 0.02772231586
15.91836735 15.10204082 0.002223740797
16.73469388 15.10204082 -0.02320303023
17.55102041 15.10204082 -0.03964565694
18.36734694 15.10204082 -0.04106933996
19.18367347 15.10204082 -0.02694246173
20 15.10204082 -0.002845939947

-20 15.91836735 0.01626721025
-19.18367347 15.91836735 -0.008153946139
-18.36734694 15.91836735 -0.03028601035
-17.55102041 15.91836735 -0.0418331176
-16.73469388 15.91836735 -0.03868927807
-15.91836735 15.91836735 -0.02210349776
-15.10204082 15.91836735 0.002223740797
-14.28571429 15.91836735 0.026493866
-13.46938776 15.91836735 0.04355142266
-12.65306122 15.91836735 0.04899649322
-11.83673469 15.91836735 0.04207144678
-11.02040816 15.91836735 0.0252744481
-10.20408163 15.91836735 0.003096489469
-9.387755102 15.91836735 -0.01952599734
-8.571428571 15.91836735 -0.03851159662
-7.755102041 15.91836735 -0.05137638003
-6.93877551 15.91836735 -0.05737360567
-6.12244898 15.91836735 -0.05717374012
-5.306122449 15.91836735 -0.05232029781
-4.489795918 15.91836735 -0.04467624426
-3.673469388 15.91836735 -0.03600160778
-2.857142857 15.91836735 -0.02771499008
-2.040816327 15.91836735 -0.02082046866
-1.224489796 15.91836735 -0.01594679058
-0.4081632653 15.91836735 -0.01343720872
0.4081632653 15.91836735 -0.01343720872
1.224489796 15.91836735 -0.01594679058
2.040816327 15.91836735 -0.02082046866
2.857142857 15.91836735 -0.02771499008
3.673469388 15.91836735 -0.03600160778
4.489795918 15.91836735 -0.04467624426
5.306122449 15.91836735 -0.05232029781
6.12244898 15.91836735 -0.05717374012
6.93877551 15.91836735 -0.05737360567
7.755102041 15.91836735 -0.05137638003
8.571428571 15.91836735 -0.03851159662
9.387755102 15.91836735 -0.01952599734
10.20408163 15.91836735 0.003096489469
11.02040816 15.91836735 0.0252744481
11.83673469 15.91836735 0.04207144678
12.65306122 15.91836735 0.04899649322
13.46938776 15.91836735 0.04355142266
14.28571429 15.91836735 0.026493866
15.10204082 15.91836735 0.002223740797
15.91836735 15.91836735 -0.02210349776
16.73469388 15.91836735 -0.03868927807
17.55102041 15.91836735 -0.0418331176
18.36734694 15.91836735 -0.03028601035
19.18367347 15.91836735 -0.008153946139
20 15.91836735 0.01626721025

-20 16.73469388 0.03108056448
-19.18367347 16.73469388 0.01251864899
-18.36734694 16.73469388 -0.01131584961
-17.55102041 16.73469388 -0.03184036538
-16.73469388 16.73469388 -0.04202350974
-15.91836735 16.73469388 -0.03868927807
-15.10204082 16.73469388 -0.02320303023
-14.28571429 16.73469388 -0.0005381936789
-13.46938776 16.73469388 0.02269224077
-12.65306122 16.73469388 0.0403996706
-11.83673469 16.73469388 0.04863971099
-11.02040816 16.73469388 0.04629250988
-10.20408163 16.73469388 0.03480607271
-9.387755102 16.73469388 0.01730423793
-8.571428571 16.73469388 -0.002522453666
-7.755102041 16.73469388 -0.02137627453
-6.93877551 16.73469388 -0.03694869578
-6.12244898 16.73469388 -0.04811201617
-5.306122449 16.73469388 -0.05478990078
-4.489795918 16.73469388 -0.05764919892
-3.673469388 16.73469388 -0.05774865299
-2.857142857 16.73469388 -0.05623944849
-2.040816327 16.73469388 -0.05415928736
-1.224489796 16.73469388 -0.05232029781
-0.4081632653 16.73469388 -0.05126602203
0.4081632653 16.73469388 -0.05126602203
1.224489796 16.73469388 -0.05232029781
2.040816327 16.73469388 -0.05415928736
2.857142857 16.73469388 -0.05623944849
3.673469388 16.73469388 -0.05774865299
4.489795918 16.73469388 -0.05764919892
5.306122449 16.73469388 -0.05478990078
6.12244898 16.73469388 -0.04811201617
6.93877551 16.73469388 -0.03694869578
7.755102041 16.73469388 -0.02137627453
8.571428571 16.73469388 -0.002522453666
9.387755102 16.73469388 0.01730423793
10.20408163 16.73469388 0.03480607271
11.02040816 16.73469388 0.04629250988
11.83673469 16.73469388 0.04863971099
12.65306122 16.73469388 0.0403996706
13.46938776 16.73469388 0.02269224077
14.28571429 16.73469388 -0.0005381936789
15.10204082 16.73469388 -0.02320303023
15.91836735 16.73469388 -0.03868927807
16.73469388 16.73469388 -0.04202350974
17.55102041 16.73469388 -0.03184036538
18.36734694 16.73469388 -0.01131584961
19.18367347 16.73469388 0.01251864899
20 16.73469388 0.03108056448

-20 17.55102041 0.03741343319
-19.18367347 17.55102041 0.02935275994
-18.36734694 17.55102041 0.01057284418
-17.55102041 17.55102041 -0.01236138958
-16.73469388 17.55102041 -0.03184036538
-15.91836735 17.55102041 -0.0418331176
-15.10204082 17.55102041 -0.03964565694
-14.28571429 17.55102041 -0.02635114826
-13.46938776 17.55102041 -0.005978483241
-12.65306122 17.55102041 0.01604962721
-11.83673469 17.55102041 0.03459167108
-11.02040816 17.55102041 0.04604433849
-10.20408163 17.55102041 0.04891085625
-9.387755102 17.55102041 0.04369047657
-8.571428571 17.55102041 0.03229865059
-7.755102041 17.55102041 0.01730423793
-6.93877551 17.55102041 0.001234779949
-6.12244898 17.55102041 -0.01389869861
-5.306122449 17.55102041 -0.02681395784
-4.489795918 17.55102041 -0.03694869578
-3.673469388 17.55102041 -0.04430929199
-2.857142857 17.55102041 -0.04926297441
-2.040816327 17.55102041 -0.05233455822
-1.224489796 17.55102041 -0.0540432632
-0.4081632653 17.55102041 -0.05478990078
0.4081632653 17.55102041 -0.05478990078
1.224489796 17.55102041 -0.0540432632
2.040816327 17.55102041 -0.05233455822
2.857142857 17.55102041 -0.04926297441
3.673469388 17.55102041 -0.04430929199
4.489795918 17.55102041 -0.03694869578
5.306122449 17.55102041 -0.02681395784
6.12244898 17.55102041 -0.01389869861
6.93877551 17.55102041 0.001234779949
7.755102041 17.55102041 0.01730423793
8.571428571 17.55102041 0.03229865059
9.387755102 17.55102041 0.04369047657
10.20408163 17.55102041 0.04891085625
11.02040816 17.55102041 0.04604433849
11.83673469 17.55102041 0.03459167108
12.65306122 17.55102041 0.01604962721
13.46938776 17.55102041 -0.005978483241
14.28571429 17.55102041 -0.02635114826
15.10204082 17.55102041 -0.03964565694
15.91836735 17.55102041 -0.0418331176
16.73469388 17.55102041 -0.03184036538
17.55102041 17.55102041 -0.01236138958
18.36734694 17.55102041 0.01057284418
19.18367347 17.55102041 0.02935275994
20 17.55102041 0.03741343319

-20 18.36734694 0.03314706683
-19.18367347 18.36734694 0.0372588262
-18.36734694 18.36734694 0.02873431705
-17.55102041 18.36734694 0.01057284418
-16.73469388 18.36734694 -0.01131584961
-15.91836735 18.36734694 -0.03028601035
-15.10204082 18.36734694 -0.04106933996
-14.28571429 18.36734694 -0.04114356264
-13.46938776 18.36734694 -0.03105370328
-12.65306122 18.36734694 -0.01379053574
-11.83673469 18.36734694 0.006391208153
-11.02040816 18.36734694 0.0252451282
-10.20408163 18.36734694 0.03951676562
-9.387755102 18.36734694 0.04744387046
-8.571428571 18.36734694 0.04877197742
-7.755102041 18.36734694 0.04442104697
-6.93877551 18.36734694 0.03599055484
-6.12244898 18.36734694 0.0252744481
-5.306122449 18.36734694 0.01389482245
-4.489795918 18.36734694 0.003096589819
-3.673469388 18.36734694 -0.006309647113
-2.857142857 18.36734694 -0.01389859803
-2.040816327 18.36734694 -0.01952599734
-1.224489796 18.36734694 -0.0232092645
-0.4081632653 18.36734694 -0.02502275817
0.4081632653 18.36734694 -0.02502275817
1.224489796 18.36734694 -0.0232092645
2.040816327 18.36734694 -0.01952599734
2.857142857 18.36734694 -0.01389859803
3.673469388 18.36734694 -0.006309647113
4.489795918 18.36734694 0.003096589819
5.306122449 18.36734694 0.01389482245
6.12244898 18.36734694 0.0252744481
6.93877551 18.36734694 0.03599055484
7.755102041 18.36734694 0.04442104697
8.571428571 18.36734694 0.04877197742
9.387755102 18.36734694 0.04744387046
10.20408163 18.36734694 0.03951676562
11.02040816 18.36734694 0.0252451282
11.83673469 18.36734694 0.006391208153
12.65306122 18.36734694 -0.01379053574
13.46938776 18.36734694 -0.03105370328
14.28571429 18.36734694 -0.04114356264
15.10204082 18.36734694 -0.04106933996
15.91836735 18.36734694 -0.03028601035
16.73469388 18.36734694 -0.01131584961
17.55102041 18.36734694 0.01057284418
18.36734694 18.36734694 0.02873431705
19.18367347 18.36734694 0.0372588262
20 18.36734694 0.03314706683

-20 19.18367347 0.01920651644
-19.18367347 19.18367347 0.03356132284
-18.36734694 19.18367347 0.0372588262
-17.55102041 19.18367347 0.02935275994
-16.73469388 19.18367347 0.01251864899
-15.91836735 19.18367347 -0.008153946139
-15.10204082 19.18367347 -0.02694246173
-14.28571429 19.18367347 -0.0391789712
-13.46938776 19.18367347 -0.04234560207
-12.65306122 19.18367347 -0.03636910021
-11.83673469 19.18367347 -0.02320303023
-11.02040816 19.18367347 -0.005978483241
-10.20408163 19.18367347 0.01194004714
-9.387755102 19.18367347 0.02772231586
-8.571428571 19.18367347 0.03951681778
-7.755102041 19.18367347 0.0465571098
-6.93877551 19.18367347 0.04900946096
-6.12244898 19.18367347 0.047679279
-5.306122449 19.18367347 0.04369047657
-4.489795918 19.18367347 0.03821615875
-3.673469388 19.18367347 0.03229865059
-2.857142857 19.18367347 0.02676071413
-2.040816327 19.18367347 0.02218952961
-1.224489796 19.18367347 0.01896493509
-0.4081632653 19.18367347 0.01730423793
0.4081632653 19.18367347 0.01730423793
1.224489796 19.18367347 0.01896493509
2.040816327 19.18367347 0.02218952961
2.857142857 19.18367347 0.02676071413
3.673469388 19.18367347 0.03229865059
4.489795918 19.18367347 0.03821615875
5.306122449 19.18367347 0.04369047657
6.12244898 19.18367347 0.047679279
6.93877551 19.18367347 0.04900946096
7.755102041 19.18367347 0.0465571098
8.571428571 19.18367347 0.03951681778
9.387755102 19.18367347 0.02772231586
10.20408163 19.18367347 0.01194004714
11.02040816 19.18367347 -0.005978483241
11.83673469 19.18367347 -0.02320303023
12.65306122 19.18367347 -0.03636910021
13.46938776 19.18367347 -0.04234560207
14.28571429 19.18367347 -0.0391789712
15.10204082 19.18367347 -0.02694246173
15.91836735 19.18367347 -0.008153946139
16.73469388 19.18367347 0.01251864899
17.55102041 19.18367347 0.02935275994
18.36734694 19.18367347 0.0372588262
19.18367347 19.18367347 0.03356132284
20 19.18367347 0.01920651644

-20 20 -0.0003513328556
-19.18367347 20 0.01920651644
-18.36734694 20 0.03314706683
-17.55102041 20 0.03741343319
-16.73469388 20 0.03108056448
-15.91836735 20 0.01626721025
-15.10204082 20 -0.002845939947
-14.28571429 20 -0.02142807655
-13.46938776 20 -0.0353384465
-12.65306122 20 -0.04202349856
-11.83673469 20 -0.04082122818
-11.02040816 20 -0.03272942454
-10.20408163 20 -0.01983409934
-9.387755102 20 -0.004631836433
-8.571428571 20 0.01055760682
-7.755102041 20 0.0239775423
-6.93877551 20 0.03459167108
-6.12244898 20 0.04205371439
-5.306122449 20 0.0465571098
-4.489795918 20 0.04863971099
-3.673469388 20 0.04899649322
-2.857142857 20 0.04833343253
-2.040816327 20 0.04727108404
-1.224489796 20 0.04629250988
-0.4081632653 20 0.04572230577
0.4081632653 20 0.04572230577
1.224489796 20 0.04629250988
2.040816327 20 0.04727108404
2.857142857 20 0.04833343253
3.673469388 20 0.04899649322
4.489795918 20 0.04863971099
5.306122449 20 0.0465571098
6.12244898 20 0.04205371439
6.93877551 20 0.03459167108
7.755102041 20 0.0239775423
8.571428571 20 0.01055760682
9.387755102 20 -0.004631836433
10.20408163 20 -0.01983409934
11.02040816 20 -0.03272942454
11.83673469 20 -0.04082122818
12.65306122 20 -0.04202349856
13.46938776 20 -0.0353384465
14.28571429 20 -0.02142807655
15.10204082 20 -0.002845939947
15.91836735 20 0.01626721025
16.73469388 20 0.03108056448
17.55102041 20 0.03741343319
18.36734694 20 0.03314706683
19.18367347 20 0.01920651644
20 20 -0.0003513328556