11.11111069 -16.36363602 0.04052378982
11.11095238 -16.36340332 0.04051588476
11.11065197 -16.36296082 0.04050081968
11.11022282 -16.36232948 0.0404792279
11.10967731 -16.36152649 0.04045177624
11.10902786 -16.36057091 0.04041904956
11.108284 -16.35947609 0.04038149491
11.10745525 -16.35825539 0.04033957422
11.10654926 -16.35692215 0.04029364139
11.10557365 -16.35548592 0.04024405405
11.1045351 -16.35395622 0.04019105062
11.10343933 -16.35234261 0.04013504833
11.10229111 -16.35065269 0.04007612914
11.10109615 -16.34889221 0.04001465812
11.09985733 -16.34706879 0.03995071724
11.09857941 -16.34518623 0.03988451511
11.09726524 -16.34325218 0.03981624916
11.09591866 -16.34126854 0.03974601254
11.09454155 -16.33924103 0.0396739617
11.09313679 -16.33717155 0.03960018605
11.09170628 -16.33506584 0.03952478617
11.09025288 -16.33292389 0.03944785893
11.08877754 -16.33075142 0.03936951235
11.08728123 -16.32854843 0.03928978369
11.08576584 -16.32631683 0.03920872137
11.08423328 -16.32406044 0.03912642598
11.08268452 -16.32177925 0.0390428938
11.08111954 -16.31947517 0.03895816952
11.07954025 -16.31715012 0.03887242079
11.07794666 -16.31480408 0.03878551722
11.07634068 -16.31243896 0.03869763389
11.07472229 -16.31005478 0.03860864043
11.07309151 -16.30765343 0.03851864487
11.07144928 -16.30523491 0.0384276472
11.06979656 -16.30280113 0.03833575919
11.06813335 -16.30035019 0.03824285045
11.06645966 -16.29788589 0.03814903274
11.06477642 -16.29540634 0.03805430979
11.06308365 -16.29291344 0.03795866668
11.06138134 -16.29040527 0.03786204383
11.05966949 -16.28788376 0.03776461259
11.05794907 -16.2853508 0.03766624629
11.05622005 -16.28280449 0.03756706789
11.05448246 -16.28024483 0.03746694699
11.05273628 -16.27767372 0.03736593947
11.05098152 -16.27508926 0.03726410121
11.04921913 -16.27249336 0.03716130182
11.04744816 -16.26988602 0.0370577313
11.04566956 -16.26726723 0.03695325181
11.04388332 -16.26463699 0.03684792295
11.04208946 -16.26199532 0.03674174845
11.04028797 -16.25934219 0.03663465008
11.0384779 -16.25667763 0.0365267545
11.03666019 -16.25400162 0.03641793132
11.03483486 -16.25131416 0.03630824015
11.03300285 -16.24861526 0.03619761392
11.03116322 -16.24590492 0.03608610854
11.02931595 -16.24318314 0.03597378731
11.02746105 -16.24045181 0.03586057946
11.02559853 -16.23770905 0.03574648127
11.02372837 -16.23495483 0.03563142568
11.02185059 -16.23218918 0.03551553562
11.01996613 -16.22941399 0.03539874777
11.01807404 -16.22662735 0.03528105095
11.01617432 -16.22382927 0.03516244143
11.01426697 -16.22101974 0.03504292294
11.01235199 -16.21820068 0.03492248431
11.01043034 -16.21537018 0.0348011218
11.00850105 -16.21252823 0.03467883915
11.00656414 -16.20967674 0.03455569223
11.0046196 -16.20681381 0.03443161026
11.00266838 -16.20393944 0.03430652246
11.00070953 -16.20105362 0.03418048844
10.99874306 -16.19815826 0.03405365348
10.99676895 -16.19525146 0.03392572701
10.99478817 -16.19233322 0.03379691765
10.99279976 -16.18940353 0.03366715088
10.99080372 -16.18646431 0.033536423
10.98880005 -16.18351364 0.03340473026
10.98678875 -16.18055153 0.03327206895
10.98477077 -16.17757988 0.03313843533
10.98274517 -16.17459679 0.03300389647
10.98071194 -16.17160225 0.03286830708
10.97867107 -16.16859627 0.03273173422
10.97662258 -16.16558075 0.03259424493
10.97456741 -16.16255379 0.03245576844
10.97250462 -16.15951538 0.03231628984
10.97043419 -16.15646553 0.03217574582
10.96835613 -16.15340614 0.03203427047
10.96627045 -16.15033531 0.03189179301
10.96417713 -16.14725304 0.0317482315
10.96207714 -16.14415932 0.03160373122
10.95996952 -16.14105415 0.03145814314
10.95785427 -16.13793945 0.03131160513
10.95573139 -16.13481331 0.03116404451
10.95360088 -16.13167572 0.03101546131
10.95146275 -16.12852669 0.0308657717
10.94931793 -16.12536812 0.03071512282
10.94716549 -16.1221981 0.03056343645
10.94500542 -16.11901665 0.03041071072
10.94283772 -16.11582375 0.03025694564
10.94066238 -16.11262131 0.03010213003
10.93847942 -16.10940742 0.02994626947
10.93628979 -16.1061821 0.02978935279
10.93409252 -16.10294533 0.02963138185
10.93188763 -16.09969711 0.02947235294
10.9296751 -16.09643936 0.02931225859
10.92745495 -16.09317017 0.02915110253
10.92522717 -16.08988953 0.02898895554
10.92299271 -16.08659744 0.02882558107
10.92075062 -16.08329582 0.02866128832
10.9185009 -16.07998276 0.02849584445
10.91624355 -16.07665825 0.02832939662
10.91397858 -16.0733223 0.02816171013
10.91170692 -16.06997681 0.02799309604
10.90942764 -16.06661987 0.0278233923
10.90714073 -16.0632515 0.02765260264
10.90484619 -16.05987358 0.02748063952
10.90254498 -16.05648422 0.02730773948
10.90023613 -16.05308342 0.02713358216
10.89791965 -16.04967117 0.02695840225
10.89559555 -16.04624939 0.02678212337
10.89326477 -16.04281616 0.02660482004
10.89092636 -16.03937149 0.02642632648
10.88858032 -16.03591728 0.02624680474
10.88622761 -16.03245163 0.02606617287
10.88386726 -16.02897453 0.02588434331
10.88149929 -16.0254879 0.02570148185
10.87912464 -16.02198982 0.02551758476
10.87674236 -16.01848221 0.02533256821
10.87435246 -16.01496315 0.0251464285
10.87195587 -16.01143265 0.02495916747
10.86955166 -16.00789261 0.02477077954
10.86714077 -16.00434113 0.02458134852
10.86472225 -16.00078011 0.02439070307
10.86229706 -15.99720764 0.02419909835
10.85986423 -15.99362469 0.02400627546
10.85742474 -15.99003124 0.02381240577
10.85497761 -15.98642731 0.02361739799
10.8525238 -15.98281288 0.02342134155
10.85006237 -15.97918797 0.02322406135
10.84759426 -15.97555256 0.02302581631
10.84511852 -15.97190762 0.02282642946
10.84263611 -15.96825218 0.02262590267
10.84014702 -15.96458626 0.02242432162
10.8376503 -15.96090984 0.02222159505
10.8351469 -15.95722294 0.02201781422
10.83263683 -15.9535265 0.02181288786
10.83012009 -15.94981956 0.02160681598
10.82759571 -15.94610214 0.02139977552
10.82506466 -15.94237518 0.02119158767
10.82252693 -15.93863773 0.02098225243
10.81998253 -15.93489075 0.02077194862
10.81743145 -15.93113327 0.02056049556
10.8148737 -15.92736626 0.02034789696
10.81230927 -15.92358875 0.02013423853
10.80973816 -15.91980171 0.01991960965
10.80716038 -15.91600513 0.01970374398
10.80457592 -15.91219807 0.01948690973
10.80198479 -15.90838146 0.0192689281
10.79938698 -15.90455532 0.01904997788
10.79678249 -15.90071964 0.01882988214
10.79417133 -15.89687443 0.01860873029
10.7915535 -15.89301968 0.01838652045
10.78892994 -15.88915539 0.01816326007
10.78629971 -15.88528156 0.01793903485
10.7836628 -15.8813982 0.0177136641
10.78102016 -15.8775053 0.01748724282
10.77837086 -15.87360382 0.017259771
10.77571487 -15.8696928 0.01703134179
10.77305317 -15.86577225 0.01680177078
10.77038479 -15.86184311 0.01657124795
10.76771069 -15.85790443 0.01633967832
10.76502991 -15.85395718 0.01610706374
10.76234341 -15.85000134 0.01587359421
10.75965118 -15.84603596 0.0156388972
10.75695324 -15.842062 0.01540334895
10.75424862 -15.83807945 0.01516676508
10.75153828 -15.83408833 0.01492923964
10.74882221 -15.83008862 0.01469068229
10.74610043 -15.82608032 0.01445118804
10.74337292 -15.82206345 0.01421066746
10.74063969 -15.81803799 0.01396921277
10.73790073 -15.81400394 0.01372683235
10.73515606 -15.80996132 0.01348343119
10.73240566 -15.80591106 0.01323910523
10.72964954 -15.80185223 0.01299386192
10.7268877 -15.79778576 0.01274770033
10.72412109 -15.79371071 0.01250053011
10.72134876 -15.78962803 0.01225254405
10.71857166 -15.78553772 0.01200365089
10.71578884 -15.78143978 0.01175385434
10.7130003 -15.77733326 0.01150306128
10.71020699 -15.77321911 0.01125146728
10.70740891 -15.76909733 0.01099898014
10.7046051 -15.76496887 0.01074560359
10.70179653 -15.76083279 0.01049153507
10.69898319 -15.75668907 0.01023639087
10.69616508 -15.75253868 0.009980562143
10.69334221 -15.74838066 0.009723959491
10.69051456 -15.74421597 0.009466388263
10.68768215 -15.74004364 0.009208050556
10.68484497 -15.73586464 0.008948949166
10.68200302 -15.73167896 0.00868909061
10.6791563 -15.72748661 0.008428379893
10.67630482 -15.72328758 0.008166919462
10.67344952 -15.71908188 0.007904618047
10.67058945 -15.7148695 0.007641675882
10.66772461 -15.7106514 0.007377900649
10.66485596 -15.70642662 0.007113494445
10.66198349 -15.70219517 0.006848365534
10.65910625 -15.69795799 0.006582419388
10.6562252 -15.6937151 0.006315958221
10.65334034 -15.68946648 0.006048690528
10.65045166 -15.68521118 0.005780819803
10.64755821 -15.68095016 0.00551215373
10.64466095 -15.67668438 0.005242995452
10.64176083 -15.67241287 0.004973152652
10.63885689 -15.66813564 0.004702630453
10.63594913 -15.66385365 0.004431635141
10.63303757 -15.65956593 0.00415987242
10.63012314 -15.65527344 0.00388764916
10.6272049 -15.65097523 0.003614770947
10.62428284 -15.64667225 0.003341444302
10.62135792 -15.6423645 0.003067475744
10.61843014 -15.63805199 0.002792971442
10.61549854 -15.6337347 0.002517937915
10.61256409 -15.6294136 0.00224238215
10.60962677 -15.62508774 0.001966411248
10.60668659 -15.62075806 0.001689931378
10.60374355 -15.61642361 0.001412949176
10.60079765 -15.61208534 0.001135572675
10.59784889 -15.60774326 0.0008577075787
10.59489822 -15.60339737 0.000579462212
10.59194469 -15.59904766 0.0003007423365
10.5889883 -15.59469414 2.165629121e-05
10.58603001 -15.5903368 -0.0002577887208
10.58306885 -15.5859766 -0.0005375853507
10.58010578 -15.58161259 -0.0008178277058
10.57714081 -15.57724571 -0.001098305685
10.57417393 -15.57287598 -0.001379113179
10.57120419 -15.56850338 -0.001660344307
10.56823254 -15.56412792 -0.001941788592
10.56525898 -15.5597496 -0.002223539632
10.56228447 -15.55536842 -0.002505488927
10.55930805 -15.55098438 -0.002787730191
10.55632973 -15.54659843 -0.003070255276
10.55335045 -15.54221058 -0.003352955217
10.55036926 -15.53781986 -0.003635822097
10.54738712 -15.53342724 -0.00391894998
10.54440308 -15.52903271 -0.004202127457
10.54141808 -15.52463627 -0.004485550337
10.53843212 -15.52023888 -0.004769210238
10.53544521 -15.51583958 -0.005052794702
10.53245735 -15.51143837 -0.005336600821
10.52946854 -15.50703621 -0.005620518234
10.52647877 -15.50263309 -0.005904437974
10.52348804 -15.49822903 -0.006188453175
10.52049637 -15.49382401 -0.006472556852
10.51750469 -15.48941803 -0.006756638177
10.51451206 -15.4850111 -0.007040790748
10.51151943 -15.48060417 -0.0073249056
10.5085268 -15.47619629 -0.007609076798
10.50553322 -15.47178841 -0.007893091068
10.50253963 -15.46737957 -0.008177145384
10.49954605 -15.46297073 -0.00846112892
10.49655247 -15.4585619 -0.008745034225
10.49355888 -15.45415401 -0.009028853849
10.49056625 -15.44974613 -0.009312476031
10.48757362 -15.44533825 -0.0095959967
10.48458099 -15.44093132 -0.009879406542
10.48158932 -15.43652534 -0.01016259659
10.47859764 -15.43211937 -0.01044565998
10.47560692 -15.42771435 -0.01072858833
10.47261715 -15.42331028 -0.01101127267
10.46962738 -15.41890812 -0.01129360404
10.46663857 -15.41450691 -0.0115758786
10.4636507 -15.41010761 -0.01185778342
10.4606638 -15.40570927 -0.01213951502
10.45767879 -15.40131283 -0.01242086105
10.45469475 -15.3969183 -0.01270191744
10.45171165 -15.39252567 -0.01298257336
10.44873047 -15.38813496 -0.01326302346
10.44575024 -15.38374615 -0.01354305819
10.44277191 -15.37935925 -0.01382277347
10.43979549 -15.3749752 -0.01410215721
10.43682003 -15.37059402 -0.0143810017
10.43384647 -15.36621475 -0.01465950254
10.43087482 -15.36183834 -0.01493765227
10.42790508 -15.35746479 -0.01521524042
10.42493725 -15.35309505 -0.01549246255
10.42197227 -15.34872818 -0.01576910913
10.41900921 -15.34436417 -0.0160453748
10.41604805 -15.34000397 -0.01632105187
10.41308975 -15.33564663 -0.01659623161
10.41013336 -15.33129311 -0.0168709103
10.40717983 -15.3269434 -0.01714507677
10.40422916 -15.3225975 -0.01741862856
10.40128136 -15.31825542 -0.01769165695
10.39833641 -15.31391811 -0.01796395518
10.39539433 -15.30958462 -0.01823571697
10.3924551 -15.30525589 -0.01850693487
10.38951874 -15.30093098 -0.01877740398
10.38658524 -15.29661083 -0.01904731616
10.38365555 -15.29229546 -0.01931656525
10.38072872 -15.28798485 -0.0195851475
10.37780476 -15.28367901 -0.01985295676
10.37488461 -15.27937889 -0.02012008242
10.37196827 -15.27508354 -0.02038662322
10.36905575 -15.27079391 -0.02065227367
10.36614609 -15.26650906 -0.02091722563
10.36324024 -15.26222992 -0.02118147351
10.36033821 -15.2579565 -0.02144500986
10.35743999 -15.25368881 -0.02170763724
10.35454655 -15.24942684 -0.02196954377
10.35165691 -15.24517059 -0.02223062702
10.3487711 -15.24092102 -0.02249088138
10.34588909 -15.23667717 -0.02275039628
10.34301186 -15.23243999 -0.02300897613
10.34013844 -15.22820854 -0.0232668072
10.33726978 -15.22398376 -0.02352369577
10.3344059 -15.21976566 -0.02377973124
10.33154678 -15.21555424 -0.02403490432
10.32869148 -15.21134949 -0.02428921685
10.32584095 -15.20715237 -0.02454256639
10.32299519 -15.20296192 -0.02479504421
10.32015419 -15.19877815 -0.02504654974
10.31731892 -15.19460201 -0.02529708296
10.31448841 -15.1904335 -0.02554672956
10.31166267 -15.18627262 -0.02579539269
10.30884266 -15.18211842 -0.02604316548
10.30602741 -15.17797184 -0.0262898542
10.30321693 -15.17383385 -0.02653563954
10.30041218 -15.16970348 -0.02678043209
10.29761314 -15.16558075 -0.02702412754
10.29481888 -15.1614666 -0.02726691402
10.29203033 -15.15736008 -0.02750860155
10.28924751 -15.15326214 -0.02774927765
10.28647041 -15.14917183 -0.02798894234
10.28369904 -15.1450901 -0.02822759189
10.28093338 -15.14101696 -0.02846512757
10.27817345 -15.1369524 -0.02870164625
10.27541924 -15.13289642 -0.02893704921
10.2726717 -15.12884903 -0.02917142771
10.26992989 -15.12481117 -0.0294046849
10.26719379 -15.1207819 -0.02963682078
10.26446438 -15.11676121 -0.02986792848
10.26174068 -15.11275005 -0.03009790741
10.25902367 -15.10874844 -0.03032676131
10.25631237 -15.1047554 -0.03055457771
10.25360775 -15.1007719 -0.03078117408
10.25090981 -15.09679794 -0.03100663796
10.24821758 -15.09283352 -0.03123106249
10.24553204 -15.08887863 -0.03145426512
10.24285316 -15.08493328 -0.03167632967
10.24018097 -15.08099747 -0.03189735115
10.23751545 -15.07707214 -0.03211706132
10.23485661 -15.07315636 -0.03233571723
10.23220444 -15.06925106 -0.03255315125
10.22955894 -15.0653553 -0.03276935965
10.22692108 -15.06147003 -0.03298451751
10.22428989 -15.0575943 -0.03319844976
10.22166538 -15.05372906 -0.03341115639
10.21904755 -15.04987431 -0.03362281248
10.21643734 -15.04603004 -0.03383315355
10.21383381 -15.04219627 -0.03404226899
10.21123791 -15.03837299 -0.03425024822
10.20864868 -15.0345602 -0.03445700184
10.20606709 -15.0307579 -0.03466261923
10.20349312 -15.02696609 -0.03486701101
10.20092583 -15.02318573 -0.03507018089
10.19836617 -15.01941586 -0.03527213261
10.19581413 -15.01565742 -0.03547286242
10.19326878 -15.01190948 -0.03567237407
10.19073105 -15.00817299 -0.03587066755
10.18820095 -15.00444698 -0.03606774658
10.18567848 -15.00073242 -0.03626360744
10.18316364 -14.99702835 -0.03645833582
10.18065643 -14.99333572 -0.03665177152
10.17815685 -14.98965454 -0.03684399277
10.1756649 -14.9859848 -0.0370349288
10.17318058 -14.98232651 -0.03722473606
10.17070389 -14.97867966 -0.03741325811
10.16823578 -14.97504425 -0.03760057688
10.1657753 -14.97142029 -0.03778661042
10.16332245 -14.96780777 -0.03797152638
10.16087723 -14.9642067 -0.03815516457
10.15843964 -14.96061707 -0.03833752871
10.15601063 -14.95703983 -0.03851870075
10.15358925 -14.95347404 -0.03869875893
10.15117645 -14.9499197 -0.03887747228
10.14877129 -14.94637775 -0.03905492276
10.14637375 -14.94284725 -0.03923127055
10.14398479 -14.93932915 -0.03940627724
10.14160347 -14.93582249 -0.03958018869
10.13923073 -14.93232822 -0.03975277022
10.13686562 -14.92884541 -0.0399242565
10.13450909 -14.92537498 -0.04009441659
10.13216019 -14.92191601 -0.04026341811
10.12981987 -14.91846943 -0.04043117538
10.12748814 -14.91503525 -0.04059769958
10.12516403 -14.91161251 -0.04076314718
10.12284851 -14.90820217 -0.04092728347
10.12054157 -14.90480423 -0.04109020159
10.11824226 -14.90141869 -0.04125197232
10.11595154 -14.89804554 -0.04141245037
10.1136694 -14.89468384 -0.041571863
10.11139584 -14.89133453 -0.04172999412
10.10912991 -14.88799763 -0.04188699275
10.10687256 -14.88467312 -0.04204279184
10.10462379 -14.88136101 -0.04219731316
10.10238361 -14.87806129 -0.04235079512
10.10015106 -14.87477398 -0.04250301048
10.09792709 -14.87149906 -0.04265411571
10.09571171 -14.86823654 -0.04280396551
10.09350491 -14.86498642 -0.04295271263
10.09130669 -14.8617487 -0.04310021549
10.08911705 -14.85852337 -0.04324669391
10.086936 -14.85531044 -0.04339186475
10.08476257 -14.85210991 -0.04353601858
10.08259773 -14.84892178 -0.04367895052
10.08044147 -14.84574699 -0.04382073134
10.0782938 -14.84258461 -0.04396136478
10.07615471 -14.83943462 -0.04410092905
10.0740242 -14.83629704 -0.04423929006
10.07190228 -14.83317184 -0.04437658563
10.06978893 -14.83005905 -0.04451268539
10.06768417 -14.82695866 -0.04464773461
10.065588 -14.82387066 -0.04478166625
10.0635004 -14.82079601 -0.04491441697
10.06142139 -14.81773376 -0.04504613206
10.05935001 -14.81468391 -0.04517673701
10.05728722 -14.81164646 -0.0453061834
10.055233 -14.80862141 -0.04543466866
10.05318737 -14.80560875 -0.04556200281
10.05115032 -14.80260944 -0.0456882529
10.04912186 -14.79962254 -0.04581342638
10.04710197 -14.79664803 -0.04593745992
10.04509068 -14.79368591 -0.04606055468
10.04308796 -14.7907362 -0.04618252441
10.04109383 -14.78779888 -0.04630350322
10.03910828 -14.78487396 -0.04642336443
10.03713131 -14.78196144 -0.04654224589
10.03516293 -14.77906227 -0.04666001722
10.03320217 -14.7761755 -0.04677681997
10.03125 -14.77330112 -0.04689252377
10.02930641 -14.77043915 -0.04700726643
10.02737141 -14.76758957 -0.04712098837
10.02544498 -14.76475239 -0.0472336933
10.02352715 -14.7619276 -0.04734538868
10.02161789 -14.75911522 -0.04745608196
10.01971626 -14.75631523 -0.04756583646
10.01782322 -14.75352764 -0.04767452925
10.01593876 -14.75075245 -0.0477823019
10.01406288 -14.74798965 -0.04788908735
10.01219559 -14.74523926 -0.04799488932
10.01033688 -14.74250126 -0.04809972271
10.00848579 -14.73977566 -0.04820358753
10.0066433 -14.73706245 -0.04830649123
10.00480938 -14.73436165 -0.04840849712
10.00298405 -14.73167324 -0.04850954562
10.00116634 -14.72899628 -0.04860965535
9.999357224 -14.72633171 -0.04870887473
9.997556686 -14.72367954 -0.04880716279
9.995763779 -14.72103977 -0.0489045158
9.993979454 -14.7184124 -0.04900094867
9.992203712 -14.71579647 -0.04909646139
9.9904356 -14.71319294 -0.04919116944
9.988676071 -14.71060181 -0.04928485677
9.986925125 -14.70802307 -0.04937775433
9.985181808 -14.70545578 -0.04946975037
9.983447075 -14.70290089 -0.0495608598
9.981719971 -14.70035744 -0.04965112731
9.98000145 -14.69782639 -0.04974051937
9.978290558 -14.69530773 -0.04982903227
9.976588249 -14.69280052 -0.04991672933
9.97489357 -14.69030571 -0.05000355467
9.973207474 -14.68782234 -0.05008957535
9.971529007 -14.68535042 -0.05017474294
9.969859123 -14.68289089 -0.05025910959
9.968196869 -14.68044281 -0.05034268275
9.966543198 -14.67800713 -0.05042536929
9.964897156 -14.67558289 -0.0505072698
9.963258743 -14.67317009 -0.050588388
9.961628914 -14.67076969 -0.05066874251
9.960006714 -14.66838074 -0.05074827373
9.958392143 -14.66600323 -0.05082698539
9.956785202 -14.66363716 -0.05090500042
9.955186844 -14.66128254 -0.05098220333
9.953596115 -14.65893936 -0.05105866492
9.952013016 -14.65660763 -0.05113432929
9.950437546 -14.65428829 -0.05120925605
9.948869705 -14.6519804 -0.05128344893
9.947310448 -14.649683 -0.05135691538
9.94575882 -14.64739704 -0.05142960697
9.944214821 -14.64512253 -0.05150163174
9.942678452 -14.64285946 -0.05157288909
9.941149712 -14.64060783 -0.05164344236
9.939628601 -14.63836765 -0.05171323568
9.93811512 -14.63613892 -0.05178238824
9.936609268 -14.63392067 -0.05185083672
9.935111046 -14.63171387 -0.0519185476
9.933620453 -14.62951851 -0.05198557675
9.932137489 -14.62733364 -0.05205192789
9.930662155 -14.62516022 -0.05211764574
9.929193497 -14.62299824 -0.05218264461
9.927732468 -14.62084675 -0.0522470288
9.926279068 -14.6187067 -0.05231069401
9.924833298 -14.61657715 -0.05237371102
9.923394203 -14.61445808 -0.05243611708
9.921962738 -14.61235046 -0.05249787495
9.920538902 -14.61025333 -0.05255899206
9.919122696 -14.60816669 -0.05261946097
9.917713165 -14.6060915 -0.05267934874
9.916311264 -14.60402679 -0.0527385585
9.914916039 -14.60197258 -0.05279718339
9.913528442 -14.59992886 -0.05285518989
9.912148476 -14.59789562 -0.05291257799
9.910775185 -14.59587288 -0.05296939984
9.909409523 -14.59386063 -0.05302561074
9.908050537 -14.59185886 -0.05308126286
9.906698227 -14.58986759 -0.05313631147
9.905353546 -14.58788681 -0.05319076777
9.904015541 -14.58591652 -0.05324463174
9.902685165 -14.58395672 -0.0532979928
9.901361465 -14.58200741 -0.05335072801
9.900044441 -14.58006763 -0.05340292677
9.898734093 -14.57813835 -0.05345455185
9.897431374 -14.57621956 -0.05350569263
9.89613533 -14.5743103 -0.05355626345
9.894845963 -14.57241154 -0.05360627174
9.893563271 -14.57052231 -0.05365576595
9.892287254 -14.56864357 -0.05370474607
9.891017914 -14.56677437 -0.05375317857
9.889756203 -14.56491566 -0.05380114168
9.888501167 -14.56306648 -0.05384852737
9.887252808 -14.5612278 -0.05389541015
9.886011124 -14.55939865 -0.05394184217
9.884776115 -14.55757904 -0.05398770422
9.883546829 -14.55576897 -0.05403316021
9.882324219 -14.55396938 -0.05407804996
9.881108284 -14.55217934 -0.05412250757
9.879899025 -14.55039883 -0.05416644365
9.878696442 -14.54862785 -0.05420990661
9.877500534 -14.54686642 -0.05425294489
9.876310349 -14.54511452 -0.05429547653
9.875126839 -14.54337215 -0.05433754995
9.873950005 -14.54163933 -0.05437920243
9.872779846 -14.53991508 -0.05442035943
9.87161541 -14.53820038 -0.05446111038
9.870457649 -14.53649521 -0.0545013696
9.869306564 -14.53479958 -0.05454122648
9.868161201 -14.53311253 -0.05458064005
9.867022514 -14.53143501 -0.05461961776
9.865889549 -14.52976704 -0.05465816334
9.86476326 -14.52810764 -0.05469631031
9.863642693 -14.52645779 -0.05473399907
9.862528801 -14.52481651 -0.05477129668
9.861420631 -14.52318478 -0.05480817333
9.860318184 -14.52156162 -0.05484467
9.859222412 -14.51994705 -0.05488075316
9.858132362 -14.51834202 -0.05491642281
9.857048035 -14.51674557 -0.05495171994
9.855969429 -14.5151577 -0.05498661473
9.854897499 -14.51357841 -0.05502117798
9.853831291 -14.51200771 -0.05505530536
9.852770805 -14.51044559 -0.05508903787
9.851716042 -14.50889301 -0.05512241647
9.850667 -14.50734901 -0.05515543371
9.84962368 -14.5058136 -0.05518807098
9.848587036 -14.50428581 -0.05522035435
9.847556114 -14.50276661 -0.05525229126
9.846530914 -14.50125599 -0.05528385565
9.845511436 -14.49975395 -0.0553150773
9.844497681 -14.4982605 -0.05534595624
9.843488693 -14.49677467 -0.05537647009
9.842485428 -14.49529743 -0.05540664867
9.841487885 -14.49382877 -0.05543649942
9.840496063 -14.49236774 -0.05546602234
9.839509964 -14.4909153 -0.05549518764
9.838529587 -14.48947144 -0.05552403256
9.837553978 -14.4880352 -0.05555258691
9.836584091 -14.4866066 -0.05558079481
9.835619926 -14.48518658 -0.05560868606
9.834661484 -14.48377419 -0.05563626811
9.833707809 -14.48237038 -0.05566350371
9.832759857 -14.4809742 -0.05569047108
9.831816673 -14.47958565 -0.05571712926
9.830879211 -14.47820473 -0.05574348569
9.829947472 -14.47683144 -0.05576954037
9.8290205 -14.47546673 -0.05579530075
9.828099251 -14.47410965 -0.05582079664
9.82718277 -14.4727602 -0.05584596843
9.826271057 -14.47141838 -0.05587085336
9.825365067 -14.47008419 -0.05589545146
9.824463844 -14.46875763 -0.05591981858
9.823568344 -14.46743774 -0.0559438765
9.822677612 -14.46612549 -0.05596765131
9.821791649 -14.46482086 -0.05599117652
9.820910454 -14.46352386 -0.05601442605
9.820034981 -14.4622345 -0.05603740737
9.819164276 -14.46095181 -0.05606013536
9.81829834 -14.45967674 -0.05608260259
9.817437172 -14.45840931 -0.05610479787
9.816580772 -14.45714855 -0.05612678453
9.815730095 -14.45589542 -0.05614848062
9.814884186 -14.45464897 -0.05616991594
9.814043045 -14.45341015 -0.0561911501
9.813206673 -14.452178 -0.05621209741
9.812375069 -14.45095348 -0.05623281747
9.811548233 -14.44973564 -0.05625331402
9.810726166 -14.44852448 -0.05627358705
9.809908867 -14.44731998 -0.05629360676
9.809096336 -14.44612312 -0.05631338805
9.808288574 -14.44493294 -0.05633294582
9.807484627 -14.44374943 -0.05635229126
9.806685448 -14.44257259 -0.0563714169
9.805891037 -14.44140244 -0.05639033392
9.805101395 -14.44023895 -0.05640901625
9.804316521 -14.43908215 -0.05642748624
9.803535461 -14.43793201 -0.05644574761
9.802759171 -14.43678856 -0.05646378174
9.801987648 -14.43565178 -0.05648163706
9.80121994 -14.43452168 -0.05649926513
9.800457001 -14.43339825 -0.05651669204
9.79969883 -14.43228149 -0.05653389916
9.798944473 -14.43117142 -0.05655092746
9.798194885 -14.43006706 -0.05656776577
9.797449112 -14.42896938 -0.05658441037
9.796708107 -14.42787838 -0.05660083517
9.795970917 -14.4267931 -0.05661709607
9.795238495 -14.42571449 -0.05663317069
9.794509888 -14.42464161 -0.05664905161
9.793786049 -14.4235754 -0.05666473135
9.793066025 -14.42251492 -0.05668024346
9.792350769 -14.42146111 -0.05669557676
9.791639328 -14.42041302 -0.05671073124
9.790931702 -14.4193716 -0.05672570318
9.790228844 -14.41833591 -0.05674050003
9.7895298 -14.41730595 -0.05675514415
9.788834572 -14.41628265 -0.05676960573
9.788143158 -14.41526508 -0.05678389966
9.787456512 -14.41425323 -0.05679802224
9.786773682 -14.41324711 -0.05681197345
9.786094666 -14.4122467 -0.0568257831
9.785419464 -14.41125298 -0.05683941394
9.784748077 -14.41026497 -0.05685288459
9.784080505 -14.40928268 -0.05686621368
9.783416748 -14.40830612 -0.05687937886
9.782757759 -14.40733528 -0.05689240247
9.782102585 -14.40637016 -0.05690524727
9.781451225 -14.40541077 -0.05691795051
9.78080368 -14.40445614 -0.05693051592
9.78015995 -14.40350723 -0.05694292486
9.779520035 -14.40256405 -0.05695518106
9.77888298 -14.40162659 -0.05696732551
9.778249741 -14.40069485 -0.05697931349
9.777620316 -14.39976788 -0.05699115247
9.776994705 -14.39884663 -0.05700286105
9.77637291 -14.3979311 -0.05701442435
9.775754929 -14.39702034 -0.05702585354
9.775140762 -14.3961153 -0.05703714117
9.774529457 -14.39521599 -0.05704830214
9.773921967 -14.39432144 -0.05705933645
9.773318291 -14.39343262 -0.05707025155
9.77271843 -14.39254856 -0.05708102137
9.772121429 -14.39167023 -0.05709167197
9.771528244 -14.39079666 -0.05710218474
9.770938873 -14.38992786 -0.05711259693
9.770352364 -14.38906479 -0.05712287128
9.769769669 -14.38820648 -0.05713301152
9.769190788 -14.38735294 -0.0571430549
9.768614769 -14.38650513 -0.0571529828
9.768042564 -14.38566208 -0.05716278031
9.767473221 -14.3848238 -0.05717246234
9.766907692 -14.38399029 -0.05718203261
9.766345024 -14.3831625 -0.05719149485
9.765786171 -14.38233948 -0.05720084533
9.765230179 -14.38152122 -0.05721006915
9.764678001 -14.38070774 -0.05721920356
9.764128685 -14.37989902 -0.05722822994
9.763583183 -14.37909508 -0.05723713338
9.763040543 -14.3782959 -0.05724593252
9.762500763 -14.37750149 -0.05725464225
9.761964798 -14.37671185 -0.05726323649
9.761431694 -14.37592697 -0.05727174133
9.760901451 -14.37514687 -0.05728013068
9.760375023 -14.37437057 -0.05728843063
9.759851456 -14.37359905 -0.05729663372
9.75933075 -14.3728323 -0.05730474368
9.758812904 -14.37207031 -0.05731274933
9.758298874 -14.3713131 -0.05732065812
9.757787704 -14.37055969 -0.05732847378
9.757279396 -14.36981106 -0.05733619258
9.756773949 -14.36906719 -0.05734382942
9.756271362 -14.36832714 -0.05735137686
9.755771637 -14.36759186 -0.05735883117
9.755275726 -14.36686039 -0.05736619234
9.754782677 -14.36613369 -0.05737346411
9.754292488 -14.36541176 -0.05738066137
9.753805161 -14.36469364 -0.0573877655
9.753320694 -14.36398029 -0.05739478022
9.752839088 -14.36327076 -0.05740172416
9.752360344 -14.36256504 -0.05740858242
9.75188446 -14.36186409 -0.05741535127
9.751411438 -14.36116695 -0.05742204934
9.750941277 -14.36047459 -0.05742866546
9.750473976 -14.35978603 -0.05743519589
9.750009537 -14.3591013 -0.05744165555
9.749547005 -14.35842037 -0.05744803324
9.749087334 -14.35774422 -0.05745434389
9.748630524 -14.35707188 -0.05746056885
9.748176575 -14.35640335 -0.0574667342
9.747725487 -14.35573864 -0.05747281387
9.74727726 -14.35507774 -0.05747883394
9.746831894 -14.35442162 -0.05748475716
9.746388435 -14.3537693 -0.05749063194
9.745947838 -14.3531208 -0.05749642849
9.745510101 -14.35247612 -0.05750216171
9.745075226 -14.35183525 -0.05750782043
9.744642258 -14.3511982 -0.05751340091
9.744212151 -14.35056496 -0.05751893669
9.743784904 -14.34993553 -0.05752439424
9.743359566 -14.34930992 -0.05752978474
9.742937088 -14.34868813 -0.0575351119
9.742517471 -14.34807014 -0.05754038319
9.742099762 -14.34745598 -0.05754559487
9.741684914 -14.34684467 -0.05755073205
9.741272926 -14.34623718 -0.05755581334
9.740862846 -14.34563351 -0.05756082758
9.740455627 -14.34503365 -0.05756578594
9.740050316 -14.3444376 -0.0575706847
9.739647865 -14.34384441 -0.0575755313
9.739247322 -14.34325504 -0.05758032203
9.73884964 -14.34266949 -0.05758504197
9.738453865 -14.34208679 -0.05758971348
9.738060951 -14.34150791 -0.05759432912
9.737669945 -14.34093285 -0.05759889632
9.737281799 -14.34036064 -0.05760339275
9.736895561 -14.33979225 -0.05760784447
9.736512184 -14.33922768 -0.05761223659
9.736130714 -14.33866596 -0.057616584
9.735752106 -14.33810806 -0.05762087926
9.735375404 -14.33755302 -0.05762511119
9.73500061 -14.3370018 -0.05762930959
9.734628677 -14.33645344 -0.05763344467
9.734258652 -14.33590889 -0.05763753131
9.733890533 -14.3353672 -0.05764157698
9.733525276 -14.33482838 -0.05764556676
9.733161926 -14.33429337 -0.05764951184
9.732800484 -14.33376122 -0.0576534085
9.732441902 -14.33323288 -0.05765725672
9.732085228 -14.33270741 -0.05766106024
9.731730461 -14.33218479 -0.05766481906
9.731377602 -14.33166599 -0.05766853318
9.731027603 -14.33115005 -0.05767219886
9.730679512 -14.33063698 -0.05767582357
9.730333328 -14.33012676 -0.05767939985
9.729989052 -14.32962036 -0.05768295005
9.729646683 -14.32911682 -0.05768644065
9.729306221 -14.32861614 -0.05768989027
9.72896862 -14.32811832 -0.05769329891
9.728632927 -14.32762337 -0.05769667402
9.728299141 -14.32713127 -0.05770001188
9.727967262 -14.32664204 -0.05770330131
9.727637291 -14.32615662 -0.05770654604
9.727309227 -14.32567406 -0.05770976469
9.72698307 -14.32519436 -0.05771293864
9.726658821 -14.32471752 -0.05771606788
9.726336479 -14.32424355 -0.05771915987
9.726016045 -14.32377243 -0.05772222206
9.725697517 -14.32330418 -0.057725247
9.725380898 -14.32283878 -0.05772823095
9.725066185 -14.32237625 -0.05773118883
9.72475338 -14.32191658 -0.05773409829
9.724442482 -14.32145882 -0.05773698166
9.724133492 -14.32100391 -0.05773982778
9.723826408 -14.32055187 -0.0577426441
9.723521233 -14.32010269 -0.05774541572
9.723217964 -14.31965637 -0.05774816871
9.722916603 -14.31921291 -0.05775087699
9.722617149 -14.31877232 -0.05775355175
9.722319603 -14.31833363 -0.05775620043
9.722023964 -14.3178978 -0.05775881559
9.721730232 -14.31746483 -0.05776139349
9.721438408 -14.31703472 -0.05776394531
9.721147537 -14.31660652 -0.05776646361
9.720858574 -14.31618118 -0.05776894838
9.720571518 -14.31575871 -0.05777141824
9.720286369 -14.31533813 -0.05777385086
9.720003128 -14.31492043 -0.05777624249
9.71972084 -14.31450558 -0.0577786155
9.71944046 -14.31409264 -0.05778096244
9.719161987 -14.31368256 -0.05778327957
9.718885422 -14.31327534 -0.05778556317
9.718610764 -14.31287003 -0.05778782815
9.718337059 -14.31246758 -0.0577900596
9.718065262 -14.31206703 -0.05779226869
9.717795372 -14.31166935 -0.05779444426
9.717526436 -14.31127357 -0.05779660121
9.717259407 -14.31088066 -0.05779872835
9.716994286 -14.31048965 -0.05780082941
9.716731071 -14.31010151 -0.05780290067
9.716468811 -14.30971527 -0.05780495331
9.716208458 -14.30933189 -0.05780697986
9.715950012 -14.30895042 -0.05780898407
9.71569252 -14.30857182 -0.05781095847
9.715436935 -14.30819511 -0.0578129068
9.715182304 -14.30782032 -0.05781484023
9.714929581 -14.30744839 -0.05781674758
9.714678764 -14.30707836 -0.05781862885
9.714428902 -14.3067112 -0.05782048777
9.714180946 -14.30634594 -0.05782232434
9.713933945 -14.30598259 -0.057824146
9.71368885 -14.3056221 -0.05782593787
9.713445663 -14.30526352 -0.05782771111
9.71320343 -14.30490685 -0.05782945454
9.712963104 -14.30455208 -0.0578311868
9.712723732 -14.30420017 -0.05783288926
9.712486267 -14.30385017 -0.05783458054
9.712249756 -14.30350208 -0.0578362532
9.712015152 -14.3031559 -0.05783789605
9.711781502 -14.30281162 -0.05783952773
9.711549759 -14.30247021 -0.05784113333
9.71131897 -14.3021307 -0.05784272403
9.711090088 -14.3017931 -0.05784428492
9.71086216 -14.30145741 -0.05784583464
9.710636139 -14.30112362 -0.05784736574
9.710411072 -14.30079174 -0.05784888566
9.710186958 -14.30046272 -0.0578503795
9.709964752 -14.30013561 -0.05785185471
9.7097435 -14.29981041 -0.0578533113
9.709524155 -14.29948711 -0.05785474926
9.709305763 -14.29916573 -0.05785617232
9.709088326 -14.29884624 -0.05785757676
9.708872795 -14.29852867 -0.05785896257
9.708658218 -14.29821301 -0.05786034465
9.708445549 -14.29789925 -0.05786168948
9.708233833 -14.29758739 -0.05786303431
9.708023071 -14.29727745 -0.05786436051
9.707814217 -14.29696941 -0.05786566436
9.707606316 -14.29666328 -0.05786695704
9.707399368 -14.29635906 -0.05786823109
9.707194328 -14.29605675 -0.05786948651
9.706990242 -14.29575634 -0.05787073448
9.706787109 -14.29545784 -0.0578719601
9.70658493 -14.29516125 -0.05787317455
9.706384659 -14.29486561 -0.05787437409
9.706185341 -14.29457188 -0.05787556618
9.705986977 -14.29428005 -0.05787672848
9.70579052 -14.29399014 -0.05787788704
9.705595016 -14.29370213 -0.05787903816
9.705400467 -14.29341602 -0.05788016319
9.705206871 -14.29313183 -0.05788127333
9.705015182 -14.29284859 -0.05788237229
9.704824448 -14.29256725 -0.05788346753
9.704634666 -14.29228783 -0.05788454041
9.704445839 -14.29201031 -0.05788560584
9.704257965 -14.29173374 -0.05788665265
9.704071999 -14.29145908 -0.05788768828
9.703886986 -14.29118633 -0.05788870901
9.703702927 -14.29091549 -0.05788971856
9.703519821 -14.2906456 -0.05789072439
9.703337669 -14.29037762 -0.05789170787
9.703156471 -14.29011154 -0.05789268762
9.70297718 -14.28984737 -0.05789364874
9.702798843 -14.28958416 -0.05789460242
9.70262146 -14.28932285 -0.05789553747
9.70244503 -14.28906345 -0.05789646879
9.702269554 -14.28880501 -0.05789738521
9.702095032 -14.28854847 -0.05789829046
9.701921463 -14.28829384 -0.05789918825
9.701749802 -14.28804016 -0.05790007487
9.701579094 -14.28778839 -0.05790094659
9.70140934 -14.28753757 -0.05790181085
9.70124054 -14.28728867 -0.05790266022
9.701072693 -14.28704166 -0.05790350586
9.7009058 -14.28679562 -0.05790433288
9.700739861 -14.28655148 -0.05790515617
9.700574875 -14.28630829 -0.05790596828
9.700410843 -14.28606701 -0.05790676922
9.700247765 -14.28582668 -0.0579075627
9.70008564 -14.28558826 -0.05790834874
9.699924469 -14.2853508 -0.05790911987
9.699764252 -14.28511524 -0.05790988356
9.699604988 -14.28488064 -0.05791063979
9.699446678 -14.28464794 -0.05791138485
9.699289322 -14.2844162 -0.05791212246
9.699132919 -14.28418636 -0.05791285262
9.69897747 -14.28395748 -0.0579135716
9.698822975 -14.28373051 -0.0579142794
9.698669434 -14.28350449 -0.05791498721
9.698516846 -14.28328037 -0.05791567639
9.698365211 -14.28305721 -0.05791636184
9.698214531 -14.28283596 -0.05791703239
9.698064804 -14.28261566 -0.05791770667
9.697916031 -14.28239632 -0.05791836232
9.697768211 -14.28217888 -0.05791901425
9.697621346 -14.28196239 -0.05791966245
9.697475433 -14.28174782 -0.05792029575
9.697330475 -14.28153419 -0.05792092159
9.69718647 -14.28132153 -0.05792154372
9.697043419 -14.28111076 -0.05792215466
9.696901321 -14.28090096 -0.05792275816
9.696760178 -14.2806921 -0.05792335421
9.696619034 -14.28048515 -0.05792395025
9.696478844 -14.28027916 -0.0579245314
9.696339607 -14.28007412 -0.05792510882
9.696201324 -14.27987099 -0.05792567879
9.696063995 -14.27966881 -0.05792623758
9.69592762 -14.27946758 -0.0579268001
9.695792198 -14.27926826 -0.05792734399
9.69565773 -14.2790699 -0.05792788789
9.695524216 -14.27887249 -0.0579284206
9.695390701 -14.27867603 -0.05792894959
9.695258141 -14.27848148 -0.05792947486
9.695126534 -14.27828789 -0.05792998895
9.69499588 -14.27809525 -0.05793050304
9.69486618 -14.27790356 -0.05793100595
9.694737434 -14.27771378 -0.05793150142
9.694608688 -14.27752495 -0.05793199316
9.694480896 -14.27733707 -0.05793247744
9.694354057 -14.27715015 -0.05793296173
9.694228172 -14.27696419 -0.05793343484
9.694103241 -14.27678013 -0.05793390051
9.69397831 -14.27659702 -0.05793436244
9.693854332 -14.27641487 -0.05793481693
9.693731308 -14.27623367 -0.05793526769
9.693609238 -14.27605343 -0.05793571845
9.693488121 -14.27587414 -0.05793615803
9.693367004 -14.27569675 -0.05793659016
9.693246841 -14.27552032 -0.0579370223
9.693127632 -14.27534485 -0.05793744698
9.693009377 -14.27517033 -0.05793786421
9.692891121 -14.27499676 -0.05793828145
9.692773819 -14.27482414 -0.05793869123
9.692657471 -14.27465248 -0.05793909356
9.692542076 -14.27448177 -0.05793949217
9.692426682 -14.27431297 -0.05793988705
9.692312241 -14.27414513 -0.05794027448
9.692198753 -14.27397823 -0.05794065818
9.69208622 -14.27381229 -0.05794103816
9.691973686 -14.27364731 -0.05794141069
9.691862106 -14.27348328 -0.05794178694
9.69175148 -14.2733202 -0.05794215202
9.691641808 -14.27315807 -0.05794251338
9.691532135 -14.2729969 -0.057942871
9.691423416 -14.27283669 -0.05794322118
9.691315651 -14.27267742 -0.05794357136
9.691207886 -14.27251911 -0.05794391409
9.691101074 -14.27236176 -0.05794425681
9.690995216 -14.27220535 -0.05794459209
9.690889359 -14.2720499 -0.05794492364
9.690784454 -14.27189541 -0.05794525519
9.690680504 -14.27174187 -0.05794557557
9.690576553 -14.27158928 -0.05794589594
9.690473557 -14.27143764 -0.05794621632
9.690371513 -14.27128696 -0.05794652551
9.69026947 -14.27113724 -0.05794683471
9.690168381 -14.27098846 -0.05794714391
9.690068245 -14.27084064 -0.05794744194
9.689968109 -14.27069378 -0.05794773996
9.689868927 -14.27054787 -0.05794803426
9.689770699 -14.27040291 -0.0579483211
9.68967247 -14.2702589 -0.05794860795
9.689575195 -14.27011585 -0.05794889107
9.689477921 -14.26997375 -0.05794917047
9.689381599 -14.26983166 -0.05794944614
9.689286232 -14.26969051 -0.05794971809
9.689190865 -14.26955032 -0.05794999003
9.689096451 -14.26941109 -0.05795025826
9.689002991 -14.2692728 -0.05795051903
9.688909531 -14.26913548 -0.0579507798
9.688817024 -14.2689991 -0.05795103684
9.688724518 -14.26886368 -0.05795128644
9.688632965 -14.26872921 -0.05795153975
9.688542366 -14.26859474 -0.05795178935
9.688451767 -14.26846123 -0.05795203149
9.688362122 -14.26832867 -0.05795227364
9.688272476 -14.26819706 -0.05795251206
9.688183784 -14.26806641 -0.05795274675
9.688095093 -14.26793671 -0.05795297772
9.688007355 -14.26780701 -0.05795320868
9.68792057 -14.26767826 -0.05795343593
9.687833786 -14.26755047 -0.05795366317
9.687747955 -14.26742363 -0.05795388296
9.687662125 -14.26729774 -0.05795410275
9.687577248 -14.26717281 -0.05795431882
9.687492371 -14.26704788 -0.05795453116
9.687408447 -14.2669239 -0.0579547435
9.687324524 -14.26680088 -0.0579549484
9.687241554 -14.26667881 -0.05795515701
9.687158585 -14.26655769 -0.05795535818
9.687076569 -14.26643658 -0.05795555934
9.686995506 -14.26631641 -0.05795576051
9.686914444 -14.2661972 -0.05795595422
9.686834335 -14.26607895 -0.05795614794
9.686754227 -14.26596069 -0.05795633793
9.686675072 -14.26584339 -0.05795652419
9.686595917 -14.26572704 -0.05795671046
9.686517715 -14.26561165 -0.05795689672