-1.878787875 0.7070707083 805.0921021
-1.666076422 0.7635261416 412.0368347
-1.53143847 0.8037718534 244.0402527
-1.436501741 0.8346024752 156.9646301
-1.365399718 0.8591811657 106.6247864
-1.310030222 0.8792838454 75.37561798
-1.26571393 0.8960217237 54.97846985
-1.229516506 0.9101419449 41.15926361
-1.199485064 0.9221733212 31.5243721
-1.174259424 0.9325051308 24.65291595
-1.1528579 0.9414327145 19.66193962
-1.134551167 0.9491856694 15.98210144
-1.118784189 0.9559460878 13.23498917
-1.105126023 0.9618607163 11.16261482
-1.093236327 0.9670495987 9.585330963
-1.08284235 0.971611917 8.375745773
-1.073722482 0.975630641 7.442056179
-1.065695047 0.9791756272 6.717269897
-1.058609366 0.982306242 6.15187645
-1.052339435 0.9850732088 5.708930016
-1.046779037 0.9875200987 5.360598087
-1.041838169 0.9896846414 5.085759163
-1.037439942 0.9915995002 4.868268013
-1.033518314 0.9932931662 4.695701599
-1.030016541 0.9947904944 4.55846405
-1.02688539 0.9961133599 4.449089527
-1.024082065 0.9972809553 4.361753941
-1.021569133 0.9983102083 4.291891098
-1.019314051 0.9992160797 4.235913754
-1.017288089 1.000011802 4.19099617
-1.015465975 1.000709057 4.15489769
-1.013825536 1.001318336 4.125844002
-1.012347102 1.001848817 4.102431774
-1.011013389 1.002308726 4.083534718
-1.009808898 1.002705455 4.068261623
-1.008719921 1.003045678 4.055894375
-1.007734299 1.003335118 4.045864582
-1.006841302 1.003579021 4.037714481
-1.006031156 1.003782034 4.031076908
-1.005295277 1.003948331 4.025658607
-1.004626036 1.004081726 4.021221161
-1.004016519 1.004185557 4.01757431
-1.003460526 1.004262805 4.014566422
-1.002952695 1.004316211 4.012073994
-1.002488017 1.004348159 4.009998798
-1.002062082 1.004360795 4.008257866
-1.001670957 1.004356146 4.006788731
-1.001311183 1.00433588 4.005540371
-1.000979543 1.004301667 4.00446701
-1.000673056 1.004254818 4.003538609
-1.000389338 1.004196644 4.002725601
-1.000126004 1.004128337 4.002006054
-0.9998810291 1.004050851 4.001363277
-0.9996525645 1.00396502 4.000782013
-0.9994389415 1.003871799 4.000249863
-0.9992386699 1.003771901 3.999758005
-0.9990504384 1.003666043 3.999298573
-0.9988729954 1.003554702 3.998865843
-0.9987052679 1.003438592 3.998454571
-0.9985462427 1.003318071 3.998060226
-0.9983950853 1.003193617 3.997680187
-0.9982510209 1.003065586 3.997310877
-0.9981133342 1.002934337 3.99695158
-0.9979813695 1.002800226 3.996598959
-0.9978545308 1.002663612 3.996252537
-0.9977323413 1.002524614 3.995911837
-0.9976143241 1.002383471 3.995574236
-0.997500062 1.002240539 3.995239735
-0.9973891973 1.002095819 3.994908333
-0.9972813725 1.001949549 3.994578123
-0.9971762896 1.001801968 3.994250536
-0.9970736504 1.001653194 3.993924141
-0.9969732761 1.001503229 3.9935987
-0.9968748689 1.00135231 3.993273973
-0.9967782497 1.001200438 3.992950678
-0.9966832399 1.00104773 3.992627144
-0.9965897202 1.000894308 3.992304325
-0.9964974523 1.00074029 3.991981745
-0.9964063764 1.000585675 3.99165988
-0.9963163733 1.000430465 3.991338491
-0.996227324 1.000274777 3.991016626
-0.9961391091 1.000118613 3.990695
-0.9960516691 0.9999620914 3.990373611
-0.9959649444 0.999805212 3.9900527
-0.9958788157 0.9996480346 3.989731312
-0.995793283 0.9994905591 3.9894104
-0.9957082272 0.9993328452 3.989089012
-0.9956236482 0.9991748929 3.988767862
-0.9955394864 0.9990167022 3.988446712
-0.9954556823 0.9988583326 3.988126516
-0.9953721762 0.9986997843 3.987805128
-0.9952889681 0.9985411167 3.987483978
-0.995206058 0.9983822703 3.987163067
-0.9951233864 0.9982233047 3.986841917
-0.9950408936 0.9980642796 3.986521006
-0.9949586391 0.9979051352 3.986200094
-0.9948765635 0.9977458715 3.985879183
-0.9947946072 0.9975865483 3.985558033
-0.99471277 0.9974271655 3.985237122
-0.9946311116 0.9972676635 3.984915733
-0.9945495129 0.9971081614 3.98459506
-0.9944680333 0.9969485998 3.984273672
-0.994386673 0.9967889786 3.983952761
-0.9943053722 0.9966292977 3.983631849
-0.9942241311 0.9964695573 3.983310461
-0.9941429496 0.9963098168 3.982989788
-0.9940618277 0.9961500168 3.9826684
-0.9939807653 0.9959902167 3.98234725
-0.9938997626 0.9958303571 3.982026339
-0.9938187599 0.9956704974 3.981704712
-0.9937378168 0.9955105782 3.981383562
-0.9936568737 0.9953506589 3.981062412
-0.9935759902 0.9951907396 3.980741501
-0.9934951067 0.9950307608 3.980419874
-0.9934142828 0.9948707819 3.980098724
-0.9933334589 0.994710803 3.979777336
-0.993252635 0.9945508242 3.979456186
-0.9931718111 0.9943908453 3.979135036
-0.9930909872 0.9942308068 3.97881341
-0.9930102229 0.9940707684 3.97849226
-0.9929294586 0.9939107299 3.978170872
-0.9928486943 0.9937506914 3.977849245
-0.99276793 0.9935906529 3.977527857
-0.9926871657 0.9934306145 3.977206707
-0.9926064014 0.993270576 3.97688508
-0.9925256371 0.9931105375 3.976563454
-0.9924448729 0.9929504991 3.976242304
-0.9923641086 0.992790401 3.975921392
-0.9922833443 0.9926303029 3.975599527
-0.99220258 0.9924702048 3.975277662
-0.9921218157 0.9923101068 3.974956274
-0.9920410514 0.9921500087 3.974635124
-0.9919602871 0.9919899106 3.974313259
-0.9918795228 0.9918298125 3.973991632
-0.9917987585 0.9916697145 3.973670244
-0.9917179942 0.9915096164 3.973348856
-0.9916371703 0.9913495183 3.973027229
-0.9915563464 0.9911894202 3.972705603
-0.9914755225 0.9910293221 3.972383976
-0.9913946986 0.9908692241 3.972062349
-0.9913138747 0.990709126 3.971740484
-0.9912330508 0.9905490279 3.971418858
-0.9911522269 0.9903889298 3.971097231
-0.991071403 0.9902288318 3.970775604
-0.9909905791 0.9900687337 3.970453739
-0.9909097552 0.9899086356 3.970132351
-0.9908289313 0.9897484779 3.969810486
-0.9907481074 0.9895883203 3.969488621
-0.9906672835 0.9894281626 3.969166756
-0.9905864 0.9892680049 3.968844891
-0.9905055165 0.9891078472 3.968522549
-0.990424633 0.9889476895 3.96820116
-0.9903437495 0.9887875319 3.967879295
-0.990262866 0.9886273742 3.967557192
-0.9901819825 0.9884672165 3.967235088
-0.990101099 0.9883070588 3.966913462
-0.9900201559 0.9881469011 3.966591358
-0.9899392128 0.9879867435 3.966269493
-0.9898582697 0.9878265858 3.96594739
-0.9897773266 0.9876664281 3.965625286
-0.9896963835 0.9875062704 3.965303421
-0.9896154404 0.9873461127 3.964981318
-0.9895344973 0.987185955 3.964659214
-0.9894535542 0.9870257974 3.964337587
-0.989372611 0.9868656397 3.964015484
-0.9892916083 0.986705482 3.96369338
-0.9892106056 0.9865453243 3.963371038
-0.9891296029 0.9863851666 3.963048935
-0.9890486002 0.986225009 3.962726831
-0.9889675975 0.9860648513 3.962404966
-0.9888865948 0.9859046936 3.962082624
-0.9888055921 0.9857445359 3.961760521
-0.9887245893 0.9855843782 3.961438417
-0.988643527 0.9854242206 3.961116076
-0.9885624647 0.9852640629 3.960793972
-0.9884814024 0.9851039052 3.96047163
-0.9884003401 0.9849437475 3.960149527
-0.9883192778 0.9847835898 3.959827185
-0.9882382154 0.9846234322 3.959505081
-0.9881571531 0.9844632745 3.959182739
-0.9880760908 0.9843031168 3.958860397
-0.9879950285 0.9841429591 3.958538055
-0.9879139066 0.9839828014 3.958215714
-0.9878327847 0.9838226438 3.95789361
-0.9877516627 0.9836624861 3.957571507
-0.9876705408 0.9835023284 3.957249165
-0.9875894189 0.9833421707 3.956926346
-0.987508297 0.983182013 3.956604004
-0.987427175 0.9830218554 3.956282139
-0.9873460531 0.9828616381 3.955959558
-0.9872649312 0.9827014208 3.955636501
-0.9871837497 0.9825412631 3.955314636
-0.9871025681 0.9823810458 3.954991817
-0.9870213866 0.9822208285 3.954669714
-0.9869402051 0.9820606112 3.954346418
-0.9868590236 0.981900394 3.954024315
-0.986777842 0.9817401767 3.953701258
-0.9866966605 0.9815799594 3.953379154
-0.9866154194 0.9814197421 3.953056335
-0.9865341783 0.9812595248 3.952733755
-0.9864529371 0.9810993075 3.952411175
-0.986371696 0.9809390903 3.952088594
-0.9862904549 0.980778873 3.951765776
-0.9862092137 0.9806186557 3.951442957
-0.9861279726 0.9804584384 3.951120377
-0.9860467315 0.9802982211 3.950798035
-0.9859654307 0.9801380038 3.950475216
-0.98588413 0.9799777865 3.950152397
-0.9858028293 0.9798175693 3.949829578
-0.9857215285 0.979657352 3.949506998
-0.9856402278 0.9794971347 3.949184179
-0.9855589271 0.9793369174 3.948861361
-0.9854776263 0.9791767001 3.94853878
-0.9853963256 0.9790164828 3.948215961
-0.9853149652 0.9788562655 3.947892666
-0.9852336049 0.9786960483 3.947569609
-0.9851522446 0.978535831 3.947247028
-0.9850708842 0.9783756137 3.94692421
-0.9849895239 0.9782153964 3.946601152
-0.9849081635 0.9780551791 3.946277857
-0.9848268032 0.9778949618 3.945955276
-0.9847454429 0.9777347445 3.945632696
-0.9846640229 0.9775745273 3.945308924
-0.984582603 0.97741431 3.944986582
-0.984501183 0.9772540927 3.944663286
-0.9844197631 0.9770938754 3.944340467
-0.9843383431 0.9769336581 3.944017172
-0.9842569232 0.9767734408 3.94369483
-0.9841755033 0.9766132236 3.943371058
-0.9840940833 0.9764530063 3.943048477
-0.9840126634 0.976292789 3.942724943
-0.9839311838 0.9761325717 3.942402124
-0.9838497043 0.9759723544 3.942079306
-0.9837682247 0.9758121371 3.94175601
-0.9836867452 0.9756519198 3.941432476
-0.9836052656 0.9754917026 3.941109657
-0.9835237861 0.9753314853 3.940786839
-0.9834423065 0.9751712084 3.940463305
-0.983360827 0.9750109315 3.940139771
-0.9832793474 0.9748506546 3.939816952
-0.9831978083 0.9746904373 3.939493656
-0.9831162691 0.9745301604 3.939170361
-0.98303473 0.9743698835 3.938846827
-0.9829531908 0.9742096066 3.938523769
-0.9828716516 0.9740493298 3.938200474
-0.9827901125 0.9738890529 3.93787694
-0.9827085733 0.973728776 3.937553644
-0.9826269746 0.9735684991 3.937229872
-0.9825453758 0.9734082222 3.936906815
-0.9824637771 0.9732479453 3.936583519
-0.9823821783 0.9730876684 3.936259985
-0.9823005795 0.9729273915 3.935936213
-0.9822189808 0.9727671146 3.935612917
-0.982137382 0.9726068377 3.935289621
-0.9820557237 0.9724465609 3.934965849
-0.9819740653 0.972286284 3.934642792
-0.9818924069 0.9721260071 3.934318542
-0.9818107486 0.9719657302 3.933995485
-0.9817290902 0.9718054533 3.933671474
-0.9816474319 0.9716451764 3.933348417
-0.9815657735 0.9714848995 3.933024406
-0.9814841151 0.9713246226 3.932701349
-0.9814023972 0.9711643457 3.932377338
-0.9813206792 0.9710040689 3.932053328
-0.9812389612 0.970843792 3.931730032
-0.9811572433 0.9706835151 3.931406498
-0.9810755253 0.9705232382 3.931082726
-0.9809938073 0.9703629613 3.930758715
-0.9809120893 0.9702026844 3.930435419
-0.9808303714 0.9700424075 3.930111885
-0.9807486534 0.9698821306 3.929787874
-0.9806668758 0.9697218537 3.92946434
-0.9805850983 0.9695615768 3.929140568
-0.9805033207 0.9694013 3.928816557
-0.9804215431 0.9692410231 3.928493023
-0.9803397655 0.9690807462 3.928169012
-0.980257988 0.9689204693 3.927845478
-0.9801762104 0.9687601924 3.927521467
-0.9800944328 0.9685999155 3.927197695
-0.9800125957 0.9684396386 3.926874161
-0.9799307585 0.9682793617 3.926549911
-0.9798489213 0.9681190848 3.926225662
-0.9797670841 0.9679588079 3.925902128
-0.9796852469 0.9677985311 3.925578594
-0.9796034098 0.9676382542 3.925254345
-0.9795215726 0.9674779177 3.924930096
-0.9794397354 0.9673175812 3.924606323
-0.9793578982 0.9671572447 3.924282551
-0.9792760015 0.9669969678 3.923957825
-0.9791941047 0.9668366313 3.923634529
-0.9791122079 0.9666762948 3.923309803
-0.9790303111 0.9665159583 3.922986269
-0.9789484143 0.9663556218 3.922661781
-0.9788665175 0.9661952853 3.922338009
-0.9787846208 0.9660349488 3.922013521
-0.9787026644 0.9658746123 3.921689272
-0.978620708 0.9657142758 3.921365499
-0.9785387516 0.9655539393 3.921041012
-0.9784567952 0.9653936028 3.920716763
-0.9783748388 0.9652332664 3.920392513
-0.9782928824 0.9650729299 3.920068502
-0.9782109261 0.9649125934 3.919744015
-0.9781289101 0.9647522569 3.919419765
-0.9780468941 0.9645919204 3.919095278
-0.9779648781 0.9644315839 3.918771267
-0.9778828621 0.9642712474 3.918446779
-0.9778008461 0.9641109109 3.91812253
-0.9777188301 0.9639505744 3.917798042
-0.9776368141 0.9637902379 3.917474031
-0.9775547981 0.9636299014 3.917149544
-0.9774727225 0.9634695649 3.916825294
-0.9773906469 0.9633092284 3.916500568
-0.9773085713 0.9631488919 3.916176081
-0.9772264957 0.9629885554 3.915851593
-0.9771444201 0.9628282189 3.915527582
-0.9770623446 0.9626678824 3.915202856
-0.976980269 0.9625075459 3.914878368
-0.9768981934 0.9623472095 3.914553881
-0.9768161178 0.962186873 3.914229631
-0.9767339826 0.9620265365 3.913904428
-0.9766518474 0.9618662 3.913580418
-0.9765697122 0.9617058635 3.913255692
-0.976487577 0.961545527 3.912931442
-0.9764054418 0.9613851905 3.912606478
-0.9763233066 0.961224854 3.912282228
-0.9762411714 0.9610645175 3.911957502
-0.9761590362 0.960904181 3.911633253
-0.9760768414 0.9607438445 3.91130805
-0.9759946465 0.960583508 3.910983324
-0.9759124517 0.9604231715 3.910659075
-0.9758302569 0.960262835 3.910334349
-0.9757480621 0.9601024985 3.910009623
-0.9756658673 0.959942162 3.909684658
-0.9755836725 0.9597818255 3.90936017
-0.9755014777 0.959621489 3.909035683
-0.9754192829 0.9594610929 3.908710718
-0.9753370285 0.9593007565 3.908385754
-0.9752547741 0.9591403604 3.908061028
-0.9751725197 0.9589799643 3.907736063
-0.9750902653 0.9588195682 3.907411337
-0.9750080109 0.9586591721 3.907086372
-0.9749257565 0.958498776 3.906761408
-0.9748434424 0.9583383799 3.906436682
-0.9747611284 0.9581779838 3.906111479
-0.9746788144 0.9580175877 3.905786276
-0.9745965004 0.9578571916 3.90546155
-0.9745141864 0.9576967955 3.905136824
-0.9744318724 0.9575363994 3.904811621
-0.9743495584 0.9573760033 3.904486418
-0.9742672443 0.9572156072 3.904161453
-0.9741848707 0.9570552111 3.90383625
-0.9741024971 0.956894815 3.903511286
-0.9740201235 0.9567344189 3.903186321
-0.9739377499 0.9565740228 3.902861118
-0.9738553762 0.9564136267 3.902535915
-0.9737730026 0.9562532306 3.902210951
-0.973690629 0.9560928345 3.901885748
-0.9736082554 0.9559324384 3.901560545
-0.9735258222 0.9557720423 3.901235342
-0.9734433889 0.9556116462 3.900910139
-0.9733609557 0.9554512501 3.900585175
-0.9732785225 0.955290854 3.900259733
-0.9731960893 0.9551304579 3.899934292
-0.973113656 0.9549700618 3.899609327
-0.9730312228 0.9548096657 3.899284363
-0.9729487896 0.9546492696 3.898958683
-0.9728662968 0.9544888735 3.89863348
-0.9727838039 0.9543284774 3.898308277
-0.9727013111 0.9541680813 3.897982836
-0.9726188183 0.9540076852 3.897657633
-0.9725363255 0.9538472891 3.89733243
-0.9724538326 0.953686893 3.897006989
-0.9723713398 0.9535264969 3.896681547
-0.972288847 0.9533661008 3.896356106
-0.9722062945 0.9532057047 3.896030903
-0.9721237421 0.9530453086 3.895705223
-0.9720411897 0.9528849125 3.895379543
-0.9719586372 0.9527245164 3.89505434
-0.9718760848 0.9525641203 3.894729137
-0.9717935324 0.9524037242 3.894403458
-0.9717109799 0.9522433281 3.894077778
-0.9716284275 0.952082932 3.893752337
-0.9715458155 0.9519225359 3.893426895
-0.9714632034 0.9517621398 3.893101454
-0.9713805914 0.9516016841 3.892775536
-0.9712979794 0.9514412284 3.892450094
-0.9712153673 0.9512807727 3.892124414
-0.9711327553 0.951120317 3.891798735
-0.9710501432 0.9509598613 3.891473055
-0.9709675312 0.9507994056 3.891147375
-0.9708848596 0.9506389499 3.890821218
-0.9708021879 0.9504784942 3.890496016
-0.9707195163 0.9503180385 3.890170336
-0.9706368446 0.9501575828 3.889844179
-0.970554173 0.9499971271 3.889518261
-0.9704715014 0.9498366714 3.889192581
-0.9703888297 0.9496762156 3.88886714
-0.9703060985 0.9495157599 3.888541222
-0.9702233672 0.9493553042 3.888215542
-0.970140636 0.9491948485 3.887889624
-0.9700579047 0.9490343928 3.887563705
-0.9699751735 0.9488739371 3.887237787
-0.9698924422 0.9487134814 3.886911869
-0.969809711 0.9485530257 3.886585951
-0.9697269201 0.94839257 3.886259794
-0.9696441293 0.9482321143 3.885933638
-0.9695613384 0.9480716586 3.885607958
-0.9694785476 0.9479112029 3.88528204
-0.9693957567 0.9477507472 3.884955645
-0.9693129659 0.9475902915 3.884629726
-0.969230175 0.9474298358 3.884303808
-0.9691473842 0.9472693801 3.88397789
-0.9690645337 0.9471089244 3.883651495
-0.9689816833 0.9469484687 3.883325815
-0.9688988328 0.946788013 3.88299942
-0.9688159823 0.9466275573 3.88267374
-0.9687331319 0.9464671016 3.882346869
-0.9686502814 0.9463066459 3.882021427
-0.968567431 0.9461461902 3.881694794
-0.9684845805 0.9459857345 3.881369352
-0.9684017301 0.9458252788 3.881042719
-0.96831882 0.9456648231 3.880716562
-0.9682359099 0.9455043674 3.880390644
-0.9681529999 0.9453439116 3.880064249
-0.9680700898 0.9451834559 3.879737616
-0.9679871798 0.9450230002 3.879411459
-0.9679042697 0.9448625445 3.879085779
-0.9678213596 0.9447020888 3.878759146
-0.9677384496 0.9445416331 3.878432512
-0.9676554799 0.9443811774 3.878106356
-0.9675725102 0.9442207217 3.877780199
-0.9674895406 0.944060266 3.877453804
-0.9674065709 0.9438998103 3.877127409
-0.9673236012 0.943739295 3.876800776
-0.9672406316 0.9435787797 3.87647438
-0.9671576619 0.9434182644 3.876147985
-0.9670746326 0.9432577491 3.875821829
-0.9669916034 0.9430972338 3.875495434
-0.9669085741 0.9429367185 3.875168562
-0.9668255448 0.9427762032 3.874841928
-0.9667425156 0.9426156878 3.874515533
-0.9666594863 0.9424551725 3.874189138
-0.966576457 0.9422946572 3.873862505
-0.9664934278 0.9421341419 3.873535633
-0.9664103389 0.9419736266 3.873209476
-0.96632725 0.9418131113 3.872882366
-0.9662441611 0.941652596 3.872555971
-0.9661610723 0.9414920807 3.872229099
-0.9660779834 0.9413315654 3.871902704
-0.9659948945 0.9411710501 3.871575594
-0.9659118056 0.9410105348 3.871249437
-0.9658286572 0.9408500195 3.870922565
-0.9657455087 0.9406895041 3.870595217
-0.9656623602 0.9405289888 3.870268822
-0.9655792117 0.9403684735 3.869942427
-0.9654960632 0.9402079582 3.869615316
-0.9654129148 0.9400474429 3.869288445
-0.9653297663 0.9398869276 3.868961811
-0.9652465582 0.9397264123 3.868634939
-0.9651633501 0.939565897 3.868308067
-0.965080142 0.9394053817 3.867981195
-0.9649969339 0.9392448664 3.867654324
-0.9649137259 0.9390843511 3.867327213
-0.9648305178 0.9389238358 3.86700058
-0.9647473097 0.9387633204 3.86667347
-0.9646641016 0.9386028051 3.866346598
-0.9645808935 0.9384422898 3.866019726
-0.9644976258 0.9382817745 3.865692616
-0.9644143581 0.9381212592 3.865365744
-0.9643310905 0.9379607439 3.865038872
-0.9642478228 0.9378002286 3.864711761
-0.9641645551 0.9376397133 3.864384413
-0.9640812874 0.937479198 3.864057779
-0.9639980197 0.9373186827 3.863730907
-0.9639146924 0.9371581674 3.863403559
-0.9638313651 0.9369976521 3.863076925
-0.9637480378 0.9368371367 3.8627491
-0.9636647105 0.9366766214 3.862422705
-0.9635813832 0.9365161061 3.862094879
-0.9634980559 0.9363555908 3.861768246
-0.9634147286 0.9361950755 3.861440659
-0.9633314013 0.9360345602 3.861114025
-0.9632480741 0.9358740449 3.8607862
-0.9631646872 0.9357135296 3.860459328
-0.9630813003 0.9355529547 3.860132456
-0.9629979134 0.9353923798 3.859804869
-0.9629145265 0.9352318048 3.859477282
-0.9628311396 0.9350712299 3.859150171
-0.9627477527 0.934910655 3.858823061
-0.9626643658 0.9347500801 3.858495474
-0.9625809193 0.9345895052 3.858167887
-0.9624974728 0.9344289303 3.857840538
-0.9624140263 0.9342683554 3.857512951
-0.9623305798 0.9341077805 3.857185602
-0.9622471333 0.9339472055 3.856858253
-0.9621636868 0.9337866306 3.856530905
-0.9620802402 0.9336260557 3.856203318
-0.9619967341 0.9334654808 3.855875969
-0.961913228 0.9333049059 3.855548143
-0.9618297219 0.933144331 3.855220318
-0.9617462158 0.9329837561 3.854893208
-0.9616627097 0.9328231812 3.854565859
-0.9615792036 0.9326626062 3.854237795
-0.9614956975 0.9325020313 3.853909969
-0.9614121318 0.9323414564 3.853582859
-0.9613285661 0.9321808815 3.853255033
-0.9612450004 0.9320203066 3.852927685
-0.9611614347 0.9318597317 3.852599621
-0.9610778689 0.9316991568 3.852272272
-0.9609943032 0.9315385818 3.85194397
-0.9609107375 0.9313780069 3.851617098
-0.9608271718 0.931217432 3.851288795
-0.9607435465 0.9310568571 3.850961208
-0.9606599212 0.9308962822 3.850633621
-0.9605762959 0.9307357073 3.850305796
-0.9604926705 0.9305751324 3.849977732
-0.9604090452 0.9304145575 3.849650145
-0.9603254199 0.9302539825 3.849322557
-0.9602417946 0.9300934076 3.848994493
-0.9601581693 0.9299328327 3.84866643
-0.9600744843 0.9297722578 3.848338604
-0.9599907994 0.9296116829 3.848010778
-0.9599071145 0.929451108 3.847682953
-0.9598234296 0.9292905331 3.847354889
-0.9597397447 0.9291299582 3.847027063
-0.9596560597 0.9289693832 3.846699238
-0.9595723748 0.9288088083 3.846371174
-0.9594886899 0.9286482334 3.846043348
-0.9594049454 0.9284876585 3.845715523
-0.9593212008 0.9283270836 3.845387936
-0.9592374563 0.9281665087 3.845059395
-0.9591537118 0.9280059338 3.844731331
-0.9590699673 0.9278453588 3.844403505
-0.9589862227 0.9276847839 3.84407568
-0.9589024782 0.927524209 3.843747377
-0.9588187337 0.9273636341 3.843419075
-0.9587349296 0.9272029996 3.843091488
-0.9586511254 0.9270423651 3.842762709
-0.9585673213 0.9268817306 3.842434883
-0.9584835172 0.926721096 3.842106104
-0.958399713 0.9265604615 3.841778517
-0.9583159089 0.926399827 3.841449738
-0.9582321048 0.9262391925 3.841121912
-0.958148241 0.926078558 3.84079361
-0.9580643773 0.9259179235 3.84046483
-0.9579805136 0.9257572889 3.840137005
-0.9578966498 0.9255966544 3.839808702
-0.9578127861 0.9254360199 3.839480162
-0.9577289224 0.9252753854 3.839151621
-0.957644999 0.9251147509 3.83882308
-0.9575610757 0.9249541163 3.838494539
-0.9574771523 0.9247934818 3.838166237
-0.957393229 0.9246328473 3.837837696
-0.9573093057 0.9244722128 3.837509394
-0.9572253823 0.9243115783 3.837180853
-0.957141459 0.9241509438 3.836852312
-0.9570575356 0.9239903092 3.83652401
-0.9569735527 0.9238296747 3.836195707
-0.9568895698 0.9236690402 3.835867167
-0.9568055868 0.9235084057 3.835538626
-0.9567216039 0.9233477712 3.835209846
-0.9566376209 0.9231871367 3.834881544
-0.956553638 0.9230265021 3.834553003
-0.956469655 0.9228658676 3.834224224
-0.9563856721 0.9227052331 3.833895206
-0.9563016295 0.9225445986 3.833567142
-0.956217587 0.9223839641 3.833238125
-0.9561335444 0.9222233295 3.832909822
-0.9560495019 0.922062695 3.832580805
-0.9559654593 0.9219020605 3.832252502
-0.9558814168 0.921741426 3.831923485
-0.9557973742 0.9215807915 3.831595182
-0.9557132721 0.921420157 3.831266165
-0.9556291699 0.9212595224 3.830937386
-0.9555450678 0.9210988879 3.830608606
-0.9554609656 0.9209382534 3.830280066
-0.9553768635 0.9207776189 3.829951048
-0.9552927613 0.9206169844 3.82962203
-0.9552086592 0.9204563498 3.829293489
-0.955124557 0.9202957153 3.82896471
-0.9550403953 0.9201350808 3.828635931
-0.9549562335 0.9199744463 3.828307152
-0.9548720717 0.9198138118 3.827978373
-0.95478791 0.9196531773 3.827649355
-0.9547037482 0.9194925427 3.827320337
-0.9546195865 0.9193318486 3.82699132
-0.9545354247 0.9191711545 3.826662302
-0.954451263 0.9190104604 3.826333284
-0.9543670416 0.9188497663 3.826004028
-0.9542828202 0.9186890721 3.825674534
-0.9541985989 0.918528378 3.825345755
-0.9541143775 0.9183676839 3.825016975
-0.9540301561 0.9182069898 3.824687719
-0.9539459348 0.9180462956 3.824358225
-0.9538617134 0.9178856015 3.824029446
-0.9537774324 0.9177249074 3.823699951
-0.9536931515 0.9175642133 3.823370695
-0.9536088705 0.9174035192 3.823041677
-0.9535245895 0.917242825 3.822712421
-0.9534403086 0.9170821309 3.822382927
-0.9533560276 0.9169214368 3.822053671
-0.953271687 0.9167607427 3.821724176
-0.9531873465 0.9166000485 3.821395397
-0.9531030059 0.9164393544 3.821066141
-0.9530186653 0.9162786603 3.820736647
-0.9529343247 0.9161179662 3.820406914
-0.9528499842 0.9159572721 3.820077658
-0.9527656436 0.9157965779 3.819748878
-0.952681303 0.9156358838 3.819419146
-0.9525969028 0.9154751897 3.81908989
-0.9525125027 0.9153144956 3.818760157
-0.9524281025 0.9151538014 3.818430901
-0.9523437023 0.9149931073 3.818101406
-0.9522593021 0.9148324132 3.81777215
-0.952174902 0.9146717191 3.817442417
-0.9520905018 0.914511025 3.817112923
-0.9520061016 0.9143503308 3.816783428
-0.9519216418 0.9141896367 3.816454172
-0.951837182 0.9140289426 3.816124439
-0.9517527223 0.9138682485 3.815794706
-0.9516682625 0.9137075543 3.815465212
-0.9515838027 0.9135468602 3.815135956
-0.9514993429 0.9133861661 3.814805984
-0.9514148831 0.913225472 3.814476252
-0.9513303638 0.9130647779 3.814146996
-0.9512458444 0.9129040837 3.813817024
-0.951161325 0.9127433896 3.813487768
-0.9510768056 0.9125826955 3.813157558
-0.9509922862 0.9124220014 3.812828302
-0.9509077668 0.9122613072 3.812498093
-0.9508232474 0.9121006131 3.812168837
-0.950738728 0.911939919 3.811838627
-0.9506541491 0.9117792249 3.811509132
-0.9505695701 0.9116185308 3.811179638
-0.9504849911 0.9114578366 3.810849667
-0.9504004121 0.9112971425 3.810519695
-0.9503158331 0.9111364484 3.810189962
-0.9502312541 0.9109756947 3.809860229
-0.9501466751 0.9108149409 3.80953002
-0.9500620961 0.9106541872 3.809200048
-0.9499774575 0.9104934931 3.808870077
-0.9498928189 0.9103327394 3.808540106
-0.9498081803 0.9101719856 3.808210135
-0.9497235417 0.9100112319 3.807880163
-0.9496389031 0.9098504782 3.807550192
-0.9495542645 0.9096897244 3.807220221
-0.9494695663 0.9095289707 3.806890011
-0.9493848681 0.909368217 3.806560278
-0.9493001699 0.9092074633 3.80622983
-0.9492154717 0.9090467095 3.805899382
-0.9491307735 0.9088859558 3.805569887
-0.9490460753 0.9087252021 3.805239916
-0.9489613771 0.9085644484 3.804909468
-0.9488766193 0.9084036946 3.80457902
-0.9487918615 0.9082429409 3.804249048
-0.9487071037 0.9080821872 3.803918839
-0.9486223459 0.9079214334 3.803588629
-0.9485375881 0.9077606797 3.803258181
-0.9484528303 0.907599926 3.802927971
-0.9483680725 0.9074391723 3.802597523
-0.9482833147 0.9072784185 3.802267313
-0.9481984973 0.9071176648 3.801937342
-0.9481136799 0.9069569111 3.801606894
-0.9480288625 0.9067961574 3.801276207
-0.9479440451 0.9066354036 3.800946236
-0.9478592277 0.9064746499 3.800616026
-0.9477744102 0.9063138962 3.800285339
-0.9476895928 0.9061531425 3.799954653
-0.9476047158 0.9059923887 3.799624443
-0.9475198388 0.905831635 3.799293995
-0.9474349618 0.9056708813 3.798963308
-0.9473500848 0.9055101275 3.798633099
-0.9472652078 0.9053493738 3.798302412
-0.9471803308 0.9051886201 3.797971964
-0.9470954537 0.9050278664 3.797641277
-0.9470105171 0.9048671126 3.797311306
-0.9469255805 0.9047063589 3.796980858
-0.9468406439 0.9045456052 3.796650171
-0.9467557073 0.9043848515 3.796319246
-0.9466707706 0.9042240977 3.795989037
-0.946585834 0.904063344 3.795658588
-0.9465008974 0.9039025903 3.795327663
-0.9464159608 0.9037418365 3.794996738
-0.9463309646 0.9035810828 3.794666529
-0.9462459683 0.9034203291 3.794335365
-0.9461609721 0.9032595754 3.794005394
-0.9460759759 0.9030988216 3.793673992
-0.9459909797 0.9029380679 3.793344021
-0.9459059834 0.9027773142 3.793012619
-0.9458209872 0.9026165605 3.792682648
-0.945735991 0.9024557471 3.792351246
-0.9456509352 0.9022949934 3.792020559
-0.9455658793 0.9021341801 3.791689873
-0.9454808235 0.9019733667 3.791358709
-0.9453957677 0.9018125534 3.791027784
-0.9453107119 0.9016517401 3.790697098
-0.945225656 0.9014909267 3.790366411
-0.9451406002 0.9013301134 3.790035009
-0.9450554848 0.9011693001 3.789704084
-0.9449703693 0.9010084867 3.789372921
-0.9448852539 0.9008476734 3.789042234
-0.9448001385 0.9006868601 3.788711071
-0.944715023 0.9005260468 3.788380146
-0.9446299076 0.9003652334 3.788048983
-0.9445447326 0.9002044201 3.787718058
-0.9444595575 0.9000436068 3.787386656
-0.9443743825 0.8998827934 3.787055492
-0.9442892075 0.8997219801 3.786724567
-0.9442040324 0.8995611668 3.786393642
-0.9441188574 0.8994003534 3.786062241
-0.9440336823 0.8992395401 3.785730839
-0.9439484477 0.8990787268 3.785400152
-0.9438632131 0.8989179134 3.785068512
-0.9437779784 0.8987571001 3.784737587
-0.9436927438 0.8985962868 3.784405947
-0.9436075091 0.8984354734 3.784075022
-0.9435222745 0.8982746601 3.783743382
-0.9434370399 0.8981138468 3.783412695
-0.9433518052 0.8979530334 3.783081055
-0.943266511 0.8977922201 3.782749653
-0.9431812167 0.8976314068 3.782418728
-0.9430959225 0.8974705935 3.782086849
-0.9430106282 0.8973097801 3.781755447
-0.942925334 0.8971489668 3.781424284
-0.9428400397 0.8969881535 3.781093121
-0.9427547455 0.8968273401 3.78076148
-0.9426693916 0.8966665268 3.780430079
-0.9425840378 0.8965057135 3.780098677
-0.9424986839 0.8963449001 3.779767036
-0.9424133301 0.8961840868 3.779435635
-0.9423279762 0.8960232735 3.779104233
-0.9422426224 0.8958624601 3.778772831
-0.9421572685 0.8957016468 3.778441191
-0.9420718551 0.8955408335 3.778109789
-0.9419864416 0.8953800201 3.77777791
-0.9419010282 0.8952192068 3.77744627
-0.9418156147 0.8950583935 3.77711463
-0.9417302012 0.8948975801 3.776783466
-0.9416447878 0.8947367668 3.776451588
-0.9415593743 0.8945759535 3.776119947
-0.9414739609 0.8944151402 3.775788546
-0.9413884878 0.8942543268 3.775456667
-0.9413030148 0.8940935135 3.775125027
-0.9412175417 0.8939327002 3.774793386
-0.9411320686 0.8937718272 3.774461508
-0.9410465956 0.8936109543 3.774129629
-0.9409611225 0.8934500813 3.773797989
-0.9408756495 0.8932892084 3.77346611
-0.9407901168 0.8931283355 3.773134232
-0.9407045841 0.8929674625 3.772802114
-0.9406190515 0.8928065896 3.772470236
-0.9405335188 0.8926457167 3.772138357
-0.9404479861 0.8924848437 3.771806717
-0.9403624535 0.8923239708 3.7714746
-0.9402769208 0.8921630979 3.771142244
-0.9401913285 0.8920022249 3.770810366
-0.9401057363 0.891841352 3.770478249
-0.940020144 0.891680479 3.770146132
-0.9399345517 0.8915196061 3.769814014
-0.9398489594 0.8913587332 3.769482374
-0.9397633672 0.8911978602 3.769150257
-0.9396777153 0.8910369873 3.76881814
-0.9395920634 0.8908761144 3.768486261
-0.9395064116 0.8907152414 3.768153906
-0.9394207597 0.8905543685 3.76782155
-0.9393351078 0.8903934956 3.767489672
-0.9392494559 0.8902326226 3.767158031
-0.9391638041 0.8900717497 3.766825438
-0.9390781522 0.8899108768 3.766493082
-0.9389924407 0.8897500038 3.766161203
-0.9389067292 0.8895891309 3.765828609
-0.9388210177 0.8894282579 3.765496731
-0.9387353063 0.889267385 3.765164137
-0.9386495948 0.8891065121 3.764832258
-0.9385638833 0.8889456391 3.764499426
-0.9384781718 0.8887847662 3.764167547
-0.9383924007 0.8886238933 3.763834953
-0.9383066297 0.8884630203 3.763502598
-0.9382208586 0.8883021474 3.763170242
-0.9381350875 0.8881412745 3.762838125
-0.9380493164 0.8879804015 3.762505531
-0.9379635453 0.8878195286 3.762172937
-0.9378777742 0.8876586556 3.76184082
-0.9377919436 0.8874977827 3.761508226
-0.9377061129 0.8873369098 3.761175871
-0.9376202822 0.8871760368 3.760843277
-0.9375344515 0.8870151639 3.760510921
-0.9374486208 0.886854291 3.760178328
-0.9373627901 0.886693418 3.759845734
-0.9372769594 0.8865325451 3.75951314
-0.9371910691 0.8863716722 3.759180546
-0.9371051788 0.8862107992 3.75884819
-0.9370192885 0.8860499263 3.758515835
-0.9369333982 0.8858890533 3.758182764
-0.936847508 0.8857281804 3.75785017
-0.9367616177 0.8855673075 3.757517576
-0.9366757274 0.8854064345 3.757185459
-0.9365898371 0.8852455616 3.756852627
-0.9365038872 0.8850846887 3.756519556
-0.9364179373 0.8849238157 3.756186962
-0.9363319874 0.8847628832 3.755854368
-0.9362460375 0.8846019506 3.755521536
-0.9361600876 0.8844410181 3.755188704
-0.9360741377 0.8842800856 3.754855871
-0.9359881878 0.884119153 3.7545228
-0.9359021783 0.8839582205 3.75418973
-0.9358161688 0.8837972879 3.753857136
-0.9357301593 0.8836363554 3.753524303
-0.9356441498 0.8834754229 3.753190994
-0.9355581403 0.8833144903 3.752857924
-0.9354721308 0.8831535578 3.752525091
-0.9353860617 0.8829926252 3.752192259
-0.9352999926 0.8828316927 3.751859426
-0.9352139235 0.8826707602 3.751526117
-0.9351278543 0.8825098276 3.751193047
-0.9350417852 0.8823488951 3.750859976
-0.9349557161 0.8821879625 3.750527143
-0.934869647 0.88202703 3.750194073
-0.9347835183 0.8818660975 3.749860525
-0.9346973896 0.8817051649 3.749527693
-0.9346112609 0.8815442324 3.749194622
-0.9345251322 0.8813832998 3.748861551
-0.9344390035 0.8812223673 3.748528004
-0.9343528748 0.8810614347 3.748195171
-0.934266746 0.8809005022 3.747862101
-0.9341805577 0.8807395697 3.747528553
-0.9340943694 0.8805786371 3.747195482
-0.9340081811 0.8804177046 3.746861935
-0.9339219928 0.880256772 3.746529341
-0.9338358045 0.8800958395 3.746195316
-0.9337496161 0.879934907 3.745862484
-0.9336634278 0.8797739744 3.745528698
-0.9335771799 0.8796130419 3.745195627
-0.933490932 0.8794521093 3.744862556
-0.9334046841 0.8792911768 3.74452877
-0.9333184361 0.8791302443 3.744195223
-0.9332321882 0.8789693117 3.743862152
-0.9331459403 0.8788083792 3.743528843
-0.9330596924 0.8786474466 3.743195295
-0.9329734445 0.8784865141 3.742861509
-0.9328871369 0.8783255816 3.7425282
-0.9328008294 0.878164649 3.742194653
-0.9327145219 0.8780037165 3.741861105
-0.9326282144 0.8778427839 3.741527796
-0.9325419068 0.8776818514 3.741194248
-0.9324555993 0.8775209188 3.740860462
-0.9323692918 0.8773599863 3.740526915
-0.9322829247 0.8771990538 3.740193605
-0.9321965575 0.8770381212 3.739860296
-0.9321101904 0.8768771887 3.73952651
-0.9320238233 0.8767162561 3.739192724
-0.9319374561 0.8765553236 3.738859177
-0.931851089 0.8763943911 3.738525629
-0.9317647219 0.8762334585 3.738191843
-0.9316782951 0.876072526 3.737858057
-0.9315918684 0.8759115934 3.737524509
-0.9315054417 0.8757506013 3.737190723
-0.9314190149 0.8755896091 3.736856699
-0.9313325882 0.875428617 3.736522913
-0.9312461615 0.8752676249 3.736189127
-0.9311597347 0.8751066327 3.735855341
-0.9310732484 0.8749456406 3.735521078
-0.930986762 0.8747846484 3.735187531
-0.9309002757 0.8746236563 3.734853745
-0.9308137894 0.8744626641 3.734519482
-0.930727303 0.874301672 3.734185219
-0.9306408167 0.8741406798 3.733851671
-0.9305542707 0.8739796877 3.733517408
-0.9304677248 0.8738186955 3.733183384
-0.9303811789 0.8736577034 3.732849598
-0.9302946329 0.8734967113 3.732515335
-0.930208087 0.8733357191 3.732181311
-0.930121541 0.873174727 3.731847286
-0.9300349951 0.8730137348 3.731513262
-0.9299483895 0.8728527427 3.731178522
-0.929861784 0.8726917505 3.730844736
-0.9297751784 0.8725307584 3.73051095
-0.9296885729 0.8723697662 3.730176449
-0.9296019673 0.8722087741 3.729842186
-0.9295153618 0.8720477819 3.729508162
-0.9294286966 0.8718867898 3.729173899
-0.9293420315 0.8717257977 3.728839636
-0.9292553663 0.8715648055 3.728505373
-0.9291687012 0.8714038134 3.728170872
-0.929082036 0.8712428212 3.727836847
-0.9289953709 0.8710818291 3.727502346
-0.9289087057 0.8709208369 3.727168083
-0.9288220406 0.8707598448 3.726834059
-0.9287353158 0.8705988526 3.726499081
-0.928648591 0.8704378605 3.726165056
-0.9285618663 0.8702768683 3.725830793
-0.9284751415 0.8701158762 3.725496292
-0.9283884168 0.8699548841 3.725161552
-0.928301692 0.8697938919 3.72482729
-0.9282149673 0.8696328998 3.724493265
-0.9281281829 0.8694719076 3.724158764
-0.9280413985 0.8693109155 3.723824263
-0.9279546142 0.8691499233 3.723489761
-0.9278678298 0.8689889312 3.72315526
-0.9277810454 0.868827939 3.722820759
-0.9276942611 0.8686669469 3.722486019
-0.9276074767 0.8685059547 3.722151518
-0.9275206327 0.8683449626 3.721816778
-0.9274337888 0.8681839705 3.721482038
-0.9273469448 0.8680229783 3.721147299
-0.9272601008 0.8678619862 3.720813036
-0.9271732569 0.867700994 3.720478058
-0.9270864129 0.8675400019 3.720143557
-0.9269995689 0.8673790097 3.719809055
-0.9269126654 0.8672180176 3.719474077
-0.9268257618 0.8670570254 3.719139338
-0.9267388582 0.8668960333 3.718804836
-0.9266519547 0.8667350411 3.718469858
-0.9265650511 0.8665739894 3.718135118
-0.9264781475 0.8664129376 3.71780014
-0.9263912439 0.8662518859 3.717465401
-0.9263042808 0.8660908341 3.717130423
-0.9262173176 0.8659297824 3.716795444
-0.9261303544 0.8657687306 3.716460228
-0.9260433912 0.8656076789 3.716125488
-0.9259564281 0.8654466271 3.715790749
-0.9258694649 0.8652855754 3.715455532
-0.9257824421 0.8651245236 3.715120554
-0.9256954193 0.8649634719 3.714785337
-0.9256083965 0.8648024201 3.714450359
-0.9255213737 0.8646413684 3.714115381
-0.925434351 0.8644803166 3.713780165
-0.9253473282 0.8643192649 3.713445187
-0.9252603054 0.8641582131 3.71310997
-0.925173223 0.8639971614 3.71277523
-0.9250861406 0.8638361096 3.712439775
-0.9249990582 0.8636750579 3.712104321
-0.9249119759 0.8635140061 3.711769342
-0.9248248935 0.8633529544 3.711434364
-0.9247378111 0.8631919026 3.711098909
-0.9246506691 0.8630308509 3.710763693
-0.9245635271 0.8628697991 3.710428238
-0.9244763851 0.8627087474 3.71009326
-0.9243892431 0.8625476956 3.709757805
-0.9243021011 0.8623866439 3.709422588
-0.9242149591 0.8622255921 3.709087133
-0.9241278172 0.8620645404 3.708751917
-0.9240406752 0.8619034886 3.708416462
-0.9239534736 0.8617424369 3.708081245
-0.923866272 0.8615813851 3.70774579
-0.9237790704 0.8614203334 3.707410097
-0.9236918688 0.8612592816 3.707074881
-0.9236046672 0.8610982299 3.706739664
-0.9235174656 0.8609371781 3.706403971
-0.9234302044 0.8607761264 3.706068516
-0.9233429432 0.8606150746 3.705733061
-0.923255682 0.8604540229 3.705397367
-0.9231684208 0.8602929711 3.705061913
-0.9230811596 0.8601319194 3.704726458
-0.9229938984 0.8599708676 3.704390764
-0.9229066372 0.8598098159 3.704055309
-0.922819376 0.8596487641 3.703719854
-0.9227320552 0.8594877124 3.703384161
-0.9226447344 0.8593266606 3.703048468
-0.9225574136 0.8591656089 3.702712536
-0.9224700928 0.8590045571 3.702377081
-0.922382772 0.8588435054 3.702041626
-0.9222954512 0.8586824536 3.701705694
-0.9222081304 0.8585214019 3.701369762
-0.92212075 0.8583603501 3.701034546
-0.9220333695 0.8581992984 3.700698376
-0.9219459891 0.8580382466 3.700362921
-0.9218586087 0.8578771949 3.700026751
-0.9217712283 0.8577161431 3.699691534
-0.9216838479 0.8575550914 3.699355125
-0.9215964675 0.8573940396 3.699019909
-0.9215090275 0.8572329879 3.698683739
-0.9214215875 0.8570719361 3.698347569
-0.9213341475 0.8569108248 3.698011875
-0.9212467074 0.8567497134 3.697675943
-0.9211592674 0.8565886021 3.697339773
-0.9210718274 0.8564274907 3.697003603
-0.9209843278 0.8562663794 3.696667671
-0.9208968282 0.856105268 3.696331501
-0.9208093286 0.8559441566 3.695995331
-0.9207218289 0.8557830453 3.695659399
-0.9206343293 0.8556219339 3.695323467
-0.9205468297 0.8554608226 3.694987297
-0.9204592705 0.8552997112 3.694651127
-0.9203717113 0.8551385999 3.694315434
-0.920284152 0.8549774885 3.693978786
-0.9201965928 0.8548163772 3.693642378
-0.9201090336 0.8546552658 3.693306208
-0.9200214744 0.8544941545 3.692970276
-0.9199339151 0.8543330431 3.692633867
-0.9198462963 0.8541719317 3.692297697
-0.9197586775 0.8540108204 3.691961527
-0.9196710587 0.853849709 3.691625118
-0.9195834398 0.8536885977 3.69128871
-0.919495821 0.8535274863 3.690952301
-0.9194082022 0.853366375 3.690615892
-0.9193205237 0.8532052636 3.690279722
-0.9192328453 0.8530441523 3.689943314
-0.9191451669 0.8528830409 3.689606428
-0.9190574884 0.8527219296 3.689270496
-0.91896981 0.8525608182 3.688934088